1 (0.6933042407035828, 0.6933475732803345, 0.6933436989784241) (0.5024200081825256, 0.5023000836372375, 0.5028799772262573) (1.0, 1.0, 1.0)
2 (0.6932128071784973, 0.6932118535041809, 0.6932133436203003) (0.5007799863815308, 0.5007799863815308, 0.5007799863815308) (1.0, 1.0, 1.0)
3 (0.6932042241096497, 0.693210244178772, 0.6932053565979004) (0.4980599880218506, 0.4980599880218506, 0.4980599880218506) (1.0, 1.0, 1.0)
4 (0.6933133602142334, 0.6933380365371704, 0.6933295130729675) (0.500980019569397, 0.5011999607086182, 0.5011999607086182) (1.0, 1.0, 1.0)
5 (0.6935039758682251, 0.6935409307479858, 0.6935216188430786) (0.5039800405502319, 0.5033400058746338, 0.5032399892807007) (1.0, 1.0, 1.0)
6 (0.6932404637336731, 0.6933594942092896, 0.6933023929595947) (0.4949999749660492, 0.49845999479293823, 0.49675998091697693) (1.0, 1.0, 1.0)
7 (0.6936947703361511, 0.6936517357826233, 0.6936724185943604) (0.5004400014877319, 0.502020001411438, 0.5039199590682983) (1.0, 1.0, 1.0)
8 (0.6928011178970337, 0.6933143138885498, 0.6930631399154663) (0.49116000533103943, 0.4964600205421448, 0.4936400055885315) (1.0, 1.0, 1.0)
9 (0.6928159594535828, 0.693354070186615, 0.6930666565895081) (0.48472005128860474, 0.49796000123023987, 0.4925599992275238) (1.0, 1.0, 1.0)
10 (0.6925725936889648, 0.6932355761528015, 0.6928170919418335) (0.4852200150489807, 0.4976600110530853, 0.49379998445510864) (1.0, 1.0, 1.0)
