1 (0.6646822094917297, 0.6725875735282898, 0.6658533811569214) (0.39465001225471497, 0.40204286575317383, 0.3973071277141571) (1.0, 1.0, 1.0)
2 (0.6296044588088989, 0.638202428817749, 0.6314418315887451) (0.38688570261001587, 0.3919143080711365, 0.388785719871521) (1.0, 1.0, 1.0)
3 (0.6203354597091675, 0.635615348815918, 0.6246732473373413) (0.4007214605808258, 0.40797144174575806, 0.40384286642074585) (1.0, 1.0, 1.0)
4 (0.6092578768730164, 0.626101016998291, 0.614352822303772) (0.39465710520744324, 0.4092143177986145, 0.3981357216835022) (1.0, 1.0, 1.0)
5 (0.5968111753463745, 0.6177278161048889, 0.6015815734863281) (0.3876214623451233, 0.4093785881996155, 0.39329999685287476) (1.0, 1.0, 1.0)
6 (0.5951592922210693, 0.6140923500061035, 0.6003414392471313) (0.3859214186668396, 0.40810713171958923, 0.39259999990463257) (1.0, 1.0, 1.0)
7 (0.5935376882553101, 0.6133338212966919, 0.5991579294204712) (0.38668569922447205, 0.4083285927772522, 0.39395713806152344) (1.0, 1.0, 1.0)
8 (0.5916308164596558, 0.6138712167739868, 0.5969628095626831) (0.38571426272392273, 0.4072785973548889, 0.3897285759449005) (1.0, 1.0, 1.0)
9 (0.5909379720687866, 0.6121727824211121, 0.5967251658439636) (0.386650025844574, 0.4057999551296234, 0.39049282670021057) (1.0, 1.0, 1.0)
10 (0.5914085507392883, 0.6143142580986023, 0.5966412425041199) (0.3798142969608307, 0.40142855048179626, 0.38227859139442444) (1.0, 1.0, 1.0)
