1 (0.6164001822471619, 0.6333289742469788, 0.6203897595405579) (0.39419999718666077, 0.4010000228881836, 0.3955499827861786) (1.0, 1.0, 1.0)
2 (0.5907573699951172, 0.6087217926979065, 0.5959270000457764) (0.3845142722129822, 0.4061642587184906, 0.3925214409828186) (1.0, 1.0, 1.0)
3 (0.5862191915512085, 0.6055737733840942, 0.5911382436752319) (0.3809143006801605, 0.4040214419364929, 0.3864285349845886) (1.0, 1.0, 1.0)
4 (0.5823563933372498, 0.5969187021255493, 0.5864960551261902) (0.38072139024734497, 0.3946571350097656, 0.3841285705566406) (1.0, 1.0, 1.0)
5 (0.5780561566352844, 0.598816990852356, 0.584610104560852) (0.37392857670783997, 0.3919357359409332, 0.37961429357528687) (1.0, 1.0, 1.0)
6 (0.5840107798576355, 0.6114352345466614, 0.5912914872169495) (0.3854857087135315, 0.40131431818008423, 0.38639286160469055) (1.0, 1.0, 1.0)
7 (0.5742374658584595, 0.5985151529312134, 0.5801945924758911) (0.3799571394920349, 0.3961714208126068, 0.38125714659690857) (1.0, 1.0, 1.0)
8 (0.5598066449165344, 0.5856835842132568, 0.5669870972633362) (0.36520713567733765, 0.3822000026702881, 0.3695000112056732) (1.0, 1.0, 1.0)
9 (0.5690115690231323, 0.5920873880386353, 0.5768329501152039) (0.3744000494480133, 0.38842859864234924, 0.3788214325904846) (1.0, 1.0, 1.0)
10 (0.556107223033905, 0.5837905406951904, 0.5633856058120728) (0.37142860889434814, 0.3877357244491577, 0.37521427869796753) (1.0, 1.0, 1.0)
