1 (0.6930744051933289, 0.6932018995285034, 0.693143367767334) (0.4978599999999999, 0.4978599999999999, 0.4978599999999999) (1.0, 1.0, 1.0)
2 (0.6859860420227051, 0.6920589208602905, 0.6877163648605347) (0.50116, 0.50116, 0.50116) (1.0, 1.0, 1.0)
3 (0.6882856488227844, 0.6912411451339722, 0.6858664155006409) (0.50023, 0.50023, 0.50023) (1.0, 1.0, 1.0)
4 (0.68439781665802, 0.6921818256378174, 0.6828857064247131) (0.50102, 0.50102, 0.50102) (1.0, 1.0, 1.0)
5 (0.6872925758361816, 0.6913794875144958, 0.6842528581619263) (0.49883999999999995, 0.49883999999999995, 0.49883999999999995) (1.0, 1.0, 1.0)
6 (0.6817496418952942, 0.6917634010314941, 0.682409405708313) (0.49772000000000005, 0.49772000000000005, 0.49772000000000005) (1.0, 1.0, 1.0)
7 (0.6884146928787231, 0.6913570165634155, 0.6838997006416321) (0.49817999999999996, 0.49817999999999996, 0.49817999999999996) (1.0, 1.0, 1.0)
8 (0.6847738027572632, 0.6912814378738403, 0.6816974878311157) (0.50286, 0.50286, 0.50286) (1.0, 1.0, 1.0)
9 (0.6909469366073608, 0.6915010213851929, 0.6846669912338257) (0.50128, 0.50128, 0.50128) (1.0, 1.0, 1.0)
10 (0.68156898021698, 0.6918425559997559, 0.6817196607589722) (0.49777000000000005, 0.49777000000000005, 0.49777000000000005) (1.0, 1.0, 1.0)
