1 (0.6415679454803467, 0.653107762336731, 0.6447145342826843) (0.38909998536109924, 0.4032214283943176, 0.3924071490764618) (1.0, 1.0, 1.0)
2 (0.6256011724472046, 0.636691689491272, 0.6284305453300476) (0.381121426820755, 0.39018571376800537, 0.38448572158813477) (1.0, 1.0, 1.0)
3 (0.6123476028442383, 0.6256127953529358, 0.6160014271736145) (0.3880714476108551, 0.3979214131832123, 0.39037856459617615) (1.0, 1.0, 1.0)
4 (0.6163170337677002, 0.6289584040641785, 0.6195254325866699) (0.41563573479652405, 0.41709285974502563, 0.41677141189575195) (1.0, 1.0, 1.0)
5 (0.5985152721405029, 0.6191403269767761, 0.6040101647377014) (0.40399283170700073, 0.417278528213501, 0.40702858567237854) (1.0, 1.0, 1.0)
6 (0.5538519024848938, 0.5993255376815796, 0.5707834362983704) (0.3651571571826935, 0.39515000581741333, 0.37711426615715027) (1.0, 1.0, 1.0)
7 (0.5516592264175415, 0.5925410389900208, 0.5653119683265686) (0.3658214509487152, 0.3942785859107971, 0.3753642439842224) (1.0, 1.0, 1.0)
8 (0.5533796548843384, 0.5887442231178284, 0.5656324625015259) (0.372221440076828, 0.394400030374527, 0.37952858209609985) (1.0, 1.0, 1.0)
9 (0.5434253215789795, 0.5790246725082397, 0.5555665493011475) (0.36787858605384827, 0.38987141847610474, 0.3754642903804779) (1.0, 1.0, 1.0)
10 (0.5476310849189758, 0.5832463502883911, 0.5601562261581421) (0.37051430344581604, 0.3898000121116638, 0.37559282779693604) (1.0, 1.0, 1.0)
