1 (0.6932321786880493, 0.6933894753456116, 0.693371593952179) (0.5013500000000001, 0.5013500000000001, 0.5013500000000001) (1.0, 1.0, 1.0)
2 (0.6925376653671265, 0.6931359767913818, 0.6930176615715027) (0.4975300000000001, 0.4975300000000001, 0.4975300000000001) (1.0, 1.0, 1.0)
3 (0.6866768598556519, 0.6927021145820618, 0.690702497959137) (0.49803, 0.49803, 0.49803) (1.0, 1.0, 1.0)
4 (0.683508038520813, 0.692996621131897, 0.6890772581100464) (0.50173, 0.50173, 0.50173) (1.0, 1.0, 1.0)
5 (0.6845377683639526, 0.6934484839439392, 0.689383864402771) (0.4997, 0.4997, 0.4997) (1.0, 1.0, 1.0)
6 (0.682155966758728, 0.6924694776535034, 0.6881224513053894) (0.5007699999999999, 0.5007699999999999, 0.5007699999999999) (1.0, 1.0, 1.0)
7 (0.6841111183166504, 0.6924546957015991, 0.6875702738761902) (0.49957, 0.49957, 0.49957) (1.0, 1.0, 1.0)
8 (0.6886079907417297, 0.6927304863929749, 0.687884509563446) (0.49887, 0.49887, 0.49887) (1.0, 1.0, 1.0)
9 (0.6817417740821838, 0.6926182508468628, 0.6871220469474792) (0.49956000000000006, 0.49956000000000006, 0.49956000000000006) (1.0, 1.0, 1.0)
10 (0.688866376876831, 0.6929416656494141, 0.6872153282165527) (0.5003000000000001, 0.5003000000000001, 0.5003000000000001) (1.0, 1.0, 1.0)
