1 (0.6036460399627686, 0.6215943098068237, 0.6108354926109314) (0.3725200295448303, 0.3851799964904785, 0.37464001774787903) (1.0, 1.0, 1.0)
2 (0.5669142603874207, 0.5962141156196594, 0.5805180668830872) (0.36744001507759094, 0.3893600106239319, 0.37676000595092773) (1.0, 1.0, 1.0)
3 (0.5585827827453613, 0.5922438502311707, 0.5744847059249878) (0.3587599992752075, 0.3872600197792053, 0.37247997522354126) (1.0, 1.0, 1.0)
4 (0.5305911302566528, 0.5675982236862183, 0.546430230140686) (0.34700003266334534, 0.37497997283935547, 0.3578000068664551) (1.0, 1.0, 1.0)
5 (0.531806468963623, 0.5698633193969727, 0.5490785241127014) (0.3536199629306793, 0.38025999069213867, 0.3642600178718567) (1.0, 1.0, 1.0)
6 (0.5250470042228699, 0.5668098330497742, 0.5449342131614685) (0.34338000416755676, 0.3707599937915802, 0.35458001494407654) (1.0, 1.0, 1.0)
7 (0.5270866751670837, 0.568886399269104, 0.5478788614273071) (0.34296002984046936, 0.37418001890182495, 0.3594200015068054) (1.0, 1.0, 1.0)
8 (0.5284775495529175, 0.5720946788787842, 0.5516964197158813) (0.34428003430366516, 0.37439998984336853, 0.3596799969673157) (1.0, 1.0, 1.0)
9 (0.5290043354034424, 0.5750495195388794, 0.5544165968894958) (0.35359999537467957, 0.38256001472473145, 0.36531996726989746) (1.0, 1.0, 1.0)
10 (0.5243412256240845, 0.5695507526397705, 0.5477586388587952) (0.3469199538230896, 0.37866002321243286, 0.36159998178482056) (1.0, 1.0, 1.0)
