1 (0.5773640871047974, 0.5963464379310608, 0.5880834460258484) (0.32372668385505676, 0.34249335527420044, 0.3333733081817627) (1.0, 1.0, 1.0)
2 (0.5486478805541992, 0.5783270597457886, 0.5672394037246704) (0.3342599868774414, 0.34673330187797546, 0.3413600027561188) (1.0, 1.0, 1.0)
3 (0.5382803082466125, 0.5732178688049316, 0.5579094886779785) (0.33078664541244507, 0.34683334827423096, 0.34010666608810425) (1.0, 1.0, 1.0)
4 (0.5225772261619568, 0.5666894316673279, 0.5487661957740784) (0.3315066695213318, 0.35051998496055603, 0.3445066809654236) (1.0, 1.0, 1.0)
5 (0.5155548453330994, 0.5658572912216187, 0.5477348566055298) (0.3230266571044922, 0.3475666344165802, 0.3395400047302246) (1.0, 1.0, 1.0)
6 (0.5113271474838257, 0.5539959073066711, 0.5401759147644043) (0.327239990234375, 0.35286664962768555, 0.34485334157943726) (1.0, 1.0, 1.0)
7 (0.49928292632102966, 0.5487729907035828, 0.5316829681396484) (0.3330666422843933, 0.3572799861431122, 0.34944668412208557) (1.0, 1.0, 1.0)
8 (0.49897757172584534, 0.5461782217025757, 0.5288864374160767) (0.3365866541862488, 0.3578733503818512, 0.34991997480392456) (1.0, 1.0, 1.0)
9 (0.4976091980934143, 0.5474583506584167, 0.5310332775115967) (0.3272533118724823, 0.3530733585357666, 0.34461331367492676) (1.0, 1.0, 1.0)
10 (0.5018373727798462, 0.5483490228652954, 0.5330897569656372) (0.33524665236473083, 0.3551400303840637, 0.3465466797351837) (1.0, 1.0, 1.0)
