1 (0.5625022649765015, 0.5916939973831177, 0.5788405537605286) (0.3525000214576721, 0.3693999648094177, 0.36139997839927673) (1.0, 1.0, 1.0)
2 (0.5164111852645874, 0.564764142036438, 0.5443229079246521) (0.3418999910354614, 0.36399999260902405, 0.35516664385795593) (1.0, 1.0, 1.0)
3 (0.5146100521087646, 0.563121497631073, 0.5433954000473022) (0.35626667737960815, 0.37316668033599854, 0.3677999973297119) (1.0, 1.0, 1.0)
4 (0.5187220573425293, 0.5580877065658569, 0.5422118306159973) (0.3570000231266022, 0.3722333312034607, 0.3673333525657654) (1.0, 1.0, 1.0)
5 (0.5157812833786011, 0.5513719320297241, 0.5366966724395752) (0.3575333058834076, 0.37423333525657654, 0.3675333559513092) (1.0, 1.0, 1.0)
6 (0.5119975805282593, 0.5499801635742188, 0.537468433380127) (0.35420000553131104, 0.3716333508491516, 0.36276668310165405) (1.0, 1.0, 1.0)
7 (0.5107253789901733, 0.5521925687789917, 0.5341596007347107) (0.35323330760002136, 0.3696666657924652, 0.36400002241134644) (1.0, 1.0, 1.0)
8 (0.5054405927658081, 0.5496491193771362, 0.5326921343803406) (0.35076668858528137, 0.36830002069473267, 0.36463332176208496) (1.0, 1.0, 1.0)
9 (0.5078257322311401, 0.5577367544174194, 0.5360048413276672) (0.3531666696071625, 0.37236666679382324, 0.3656999468803406) (1.0, 1.0, 1.0)
10 (0.5066252946853638, 0.5482429265975952, 0.5341469049453735) (0.34859997034072876, 0.368966668844223, 0.3579999804496765) (1.0, 1.0, 1.0)
