1 (0.6334109902381897, 0.6359879374504089, 0.6298652291297913) (0.36888426542282104, 0.3716886639595032, 0.36642006039619446) (1.0, 1.0, 1.0)
2 (0.6226323246955872, 0.6256554126739502, 0.6186258792877197) (0.3660956621170044, 0.3681914210319519, 0.36197006702423096) (1.0, 1.0, 1.0)
3 (0.6150386929512024, 0.6189589500427246, 0.6097028255462646) (0.3631914258003235, 0.36646997928619385, 0.358988493680954) (1.0, 1.0, 1.0)
4 (0.5958784222602844, 0.6001998782157898, 0.586723804473877) (0.36746716499328613, 0.37041428685188293, 0.3602142632007599) (1.0, 1.0, 1.0)
5 (0.5757328867912292, 0.5813303589820862, 0.5629677772521973) (0.3610670864582062, 0.36583998799324036, 0.35176289081573486) (1.0, 1.0, 1.0)
6 (0.5700779557228088, 0.5755612254142761, 0.5556802153587341) (0.3604271411895752, 0.36314857006073, 0.3494671583175659) (1.0, 1.0, 1.0)
7 (0.5751887559890747, 0.5790778398513794, 0.5587453246116638) (0.3670528829097748, 0.3689071238040924, 0.3559742867946625) (1.0, 1.0, 1.0)
8 (0.5682567954063416, 0.5715906023979187, 0.5503133535385132) (0.36172857880592346, 0.364469975233078, 0.3494042456150055) (1.0, 1.0, 1.0)
9 (0.5662122964859009, 0.5715464949607849, 0.5471706390380859) (0.3611814081668854, 0.3642328679561615, 0.3486671447753906) (1.0, 1.0, 1.0)
10 (0.5659368634223938, 0.5687680244445801, 0.5443676710128784) (0.35884860157966614, 0.36117005348205566, 0.3442358076572418) (1.0, 1.0, 1.0)
11 (0.5634809732437134, 0.5650140047073364, 0.5418151021003723) (0.3563499450683594, 0.3580114245414734, 0.34182998538017273) (1.0, 1.0, 1.0)
12 (0.5677071213722229, 0.574678897857666, 0.5457071661949158) (0.3609870970249176, 0.36492425203323364, 0.34744003415107727) (1.0, 1.0, 1.0)
13 (0.561805784702301, 0.5636635422706604, 0.5386602878570557) (0.3548557758331299, 0.35715004801750183, 0.34040722250938416) (1.0, 1.0, 1.0)
14 (0.5633384585380554, 0.5648835897445679, 0.5394340753555298) (0.35707858204841614, 0.3582842946052551, 0.34173572063446045) (1.0, 1.0, 1.0)
15 (0.5666086673736572, 0.5758945941925049, 0.5445564389228821) (0.3586014211177826, 0.3662942051887512, 0.3456442952156067) (1.0, 1.0, 1.0)
16 (0.5701248645782471, 0.5949722528457642, 0.555743932723999) (0.362669974565506, 0.3790128231048584, 0.3532499074935913) (1.0, 1.0, 1.0)
17 (0.5676090717315674, 0.5840507745742798, 0.5500084161758423) (0.36142435669898987, 0.37378430366516113, 0.3478485941886902) (1.0, 1.0, 1.0)
18 (0.5647271275520325, 0.5784200429916382, 0.5456851124763489) (0.3609899580478668, 0.3706786036491394, 0.3497343361377716) (1.0, 1.0, 1.0)
19 (0.5666583776473999, 0.5769619941711426, 0.5477398037910461) (0.36296284198760986, 0.3701099455356598, 0.35224708914756775) (1.0, 1.0, 1.0)
20 (0.566946268081665, 0.5744503140449524, 0.5457292199134827) (0.3624114990234375, 0.36784565448760986, 0.3487057387828827) (1.0, 1.0, 1.0)
21 (0.5670536160469055, 0.5744152069091797, 0.5477241277694702) (0.3621315658092499, 0.3669013977050781, 0.3497186005115509) (1.0, 1.0, 1.0)
22 (0.5640151500701904, 0.5711414217948914, 0.5443198680877686) (0.3611128330230713, 0.36621418595314026, 0.3483128845691681) (1.0, 1.0, 1.0)
23 (0.562440037727356, 0.5691769123077393, 0.5416719317436218) (0.3615155816078186, 0.3650529086589813, 0.3477357029914856) (1.0, 1.0, 1.0)
24 (0.5621654987335205, 0.568804144859314, 0.5412741303443909) (0.3603600263595581, 0.3637229800224304, 0.3476670980453491) (1.0, 1.0, 1.0)
25 (0.5656349062919617, 0.5742918848991394, 0.5443522930145264) (0.3604571223258972, 0.36647143959999084, 0.3473186194896698) (1.0, 1.0, 1.0)
26 (0.5640838146209717, 0.5745139718055725, 0.5434165596961975) (0.35831722617149353, 0.3637616038322449, 0.34498855471611023) (1.0, 1.0, 1.0)
27 (0.5739774107933044, 0.5946910977363586, 0.5549814701080322) (0.3643742799758911, 0.37074142694473267, 0.3525643050670624) (1.0, 1.0, 1.0)
28 (0.5707345604896545, 0.5784427523612976, 0.5534352660179138) (0.3834514617919922, 0.3867943286895752, 0.3739985525608063) (1.0, 1.0, 1.0)
29 (0.5657615065574646, 0.5722770690917969, 0.54691082239151) (0.3809627592563629, 0.38423001766204834, 0.371211439371109) (1.0, 1.0, 1.0)
30 (0.5629832744598389, 0.5692270398139954, 0.5435260534286499) (0.37959566712379456, 0.38191986083984375, 0.36808860301971436) (1.0, 1.0, 1.0)
31 (0.5695334076881409, 0.6009278297424316, 0.557735025882721) (0.3814842104911804, 0.3982086181640625, 0.374968558549881) (1.0, 1.0, 1.0)
32 (0.5650571584701538, 0.5942936539649963, 0.5520825982093811) (0.381771445274353, 0.39613014459609985, 0.37467285990715027) (1.0, 1.0, 1.0)
33 (0.5683603286743164, 0.5950672030448914, 0.5543734431266785) (0.3830214738845825, 0.39534422755241394, 0.3753528296947479) (1.0, 1.0, 1.0)
34 (0.5641447305679321, 0.5824978351593018, 0.5481297969818115) (0.38090434670448303, 0.3903313875198364, 0.37281426787376404) (1.0, 1.0, 1.0)
35 (0.5610511898994446, 0.5761455297470093, 0.5442654490470886) (0.38128721714019775, 0.38724285364151, 0.37242987751960754) (1.0, 1.0, 1.0)
36 (0.5623152256011963, 0.5736284255981445, 0.5437904596328735) (0.3794558644294739, 0.3842257261276245, 0.369670033454895) (1.0, 1.0, 1.0)
37 (0.5597109794616699, 0.5693435072898865, 0.5413469076156616) (0.37966153025627136, 0.384737104177475, 0.37095147371292114) (1.0, 1.0, 1.0)
38 (0.562717616558075, 0.5692935585975647, 0.5439231395721436) (0.3822057247161865, 0.38537994027137756, 0.3726600706577301) (1.0, 1.0, 1.0)
39 (0.5642006397247314, 0.5723515152931213, 0.544682502746582) (0.3818328380584717, 0.3855914771556854, 0.3716857433319092) (1.0, 1.0, 1.0)
40 (0.5606389045715332, 0.5677983164787292, 0.5413997769355774) (0.3808914124965668, 0.3832528591156006, 0.370418518781662) (1.0, 1.0, 1.0)
41 (0.5639798045158386, 0.5738093256950378, 0.545448362827301) (0.38269150257110596, 0.3858899176120758, 0.3731057345867157) (1.0, 1.0, 1.0)
42 (0.5636354684829712, 0.5788866281509399, 0.5438990592956543) (0.3819614350795746, 0.38539713621139526, 0.37282848358154297) (1.0, 1.0, 1.0)
43 (0.5607821941375732, 0.5703293085098267, 0.5428376197814941) (0.3807970881462097, 0.3841100335121155, 0.3713800013065338) (1.0, 1.0, 1.0)
44 (0.5634638667106628, 0.5776824355125427, 0.5459975600242615) (0.3804270029067993, 0.3866514265537262, 0.37219861149787903) (1.0, 1.0, 1.0)
45 (0.56397545337677, 0.5720053315162659, 0.5452446937561035) (0.3815014660358429, 0.38462287187576294, 0.3703085780143738) (1.0, 1.0, 1.0)
46 (0.5781073570251465, 0.5977966785430908, 0.5676582455635071) (0.38901287317276, 0.39743146300315857, 0.38427436351776123) (1.0, 1.0, 1.0)
47 (0.5632803440093994, 0.5761110782623291, 0.5482066869735718) (0.3811914026737213, 0.3865070343017578, 0.3727070689201355) (1.0, 1.0, 1.0)
48 (0.562894344329834, 0.5702812671661377, 0.5438449382781982) (0.3811599612236023, 0.3839314579963684, 0.3718128204345703) (1.0, 1.0, 1.0)
49 (0.5595917701721191, 0.5659769773483276, 0.5415278077125549) (0.3795914053916931, 0.380249947309494, 0.36972007155418396) (1.0, 1.0, 1.0)
50 (0.5596041679382324, 0.5672236084938049, 0.5418463349342346) (0.37934428453445435, 0.3808543384075165, 0.36969149112701416) (1.0, 1.0, 1.0)
