1 (0.6071912050247192, 0.6267752647399902, 0.6152108907699585) (0.34429997205734253, 0.3611900210380554, 0.3509899973869324) (1.0, 1.0, 1.0)
2 (0.5935006737709045, 0.6103706359863281, 0.6002568602561951) (0.3460100293159485, 0.3569900095462799, 0.35082000494003296) (1.0, 1.0, 1.0)
3 (0.6364046335220337, 0.6530560255050659, 0.6438043117523193) (0.3783699870109558, 0.38933998346328735, 0.3815600275993347) (1.0, 1.0, 1.0)
4 (0.5743230581283569, 0.5953020453453064, 0.5825513601303101) (0.36583998799324036, 0.3798399865627289, 0.3718499541282654) (1.0, 1.0, 1.0)
5 (0.5247255563735962, 0.571219801902771, 0.5500103235244751) (0.3391799330711365, 0.3655700385570526, 0.3529599905014038) (1.0, 1.0, 1.0)
6 (0.5155566930770874, 0.5614858865737915, 0.5377265810966492) (0.3392599821090698, 0.37067002058029175, 0.3538599908351898) (1.0, 1.0, 1.0)
7 (0.5048226118087769, 0.5546555519104004, 0.5275489091873169) (0.3372499942779541, 0.3670399785041809, 0.3496599793434143) (1.0, 1.0, 1.0)
8 (0.5134112238883972, 0.5684853792190552, 0.5441910028457642) (0.337009996175766, 0.37018999457359314, 0.35512998700141907) (1.0, 1.0, 1.0)
9 (0.49469003081321716, 0.5489047169685364, 0.5217212438583374) (0.3284900188446045, 0.35833999514579773, 0.3430800139904022) (1.0, 1.0, 1.0)
10 (0.4943382740020752, 0.5414067506790161, 0.5181918144226074) (0.33195000886917114, 0.3569900095462799, 0.34491997957229614) (1.0, 1.0, 1.0)
