1 (0.693742573261261, 0.6937884092330933, 0.6937652826309204) (0.4992285714285714, 0.4992285714285714, 0.4992285714285714) (1.0, 1.0, 1.0)
2 (0.693304717540741, 0.6933119893074036, 0.693312406539917) (0.4982285714285714, 0.4982285714285714, 0.4982285714285714) (1.0, 1.0, 1.0)
3 (0.6935276389122009, 0.6935456991195679, 0.6935442686080933) (0.5006714285714285, 0.5006714285714285, 0.5006714285714285) (1.0, 1.0, 1.0)
4 (0.6935010552406311, 0.6934953927993774, 0.6934956908226013) (0.4970714285714286, 0.4970714285714286, 0.4970714285714286) (1.0, 1.0, 1.0)
5 (0.6933943033218384, 0.6933897733688354, 0.693390965461731) (0.5004857142857142, 0.5004857142857142, 0.5004857142857142) (1.0, 1.0, 1.0)
6 (0.693222165107727, 0.6932234764099121, 0.6932224035263062) (0.49902857142857143, 0.49902857142857143, 0.49902857142857143) (1.0, 1.0, 1.0)
7 (0.6933649778366089, 0.6933648586273193, 0.6933648586273193) (0.5013142857142857, 0.5013142857142857, 0.5013142857142857) (1.0, 1.0, 1.0)
8 (0.6933985948562622, 0.6934099793434143, 0.6934087872505188) (0.4966857142857143, 0.4966857142857143, 0.4966857142857143) (1.0, 1.0, 1.0)
9 (0.6935447454452515, 0.6935466527938843, 0.6935456991195679) (0.4989571428571429, 0.4989571428571429, 0.4989571428571429) (1.0, 1.0, 1.0)
10 (0.6932286620140076, 0.6932292580604553, 0.693229079246521) (0.49408571428571424, 0.49408571428571424, 0.49408571428571424) (1.0, 1.0, 1.0)
