1 (0.6373083591461182, 0.6487007141113281, 0.640036404132843) (0.37628573179244995, 0.38840001821517944, 0.379800021648407) (1.0, 1.0, 1.0)
2 (0.6262325048446655, 0.6355637907981873, 0.6288967728614807) (0.3788571357727051, 0.38760000467300415, 0.3817428946495056) (1.0, 1.0, 1.0)
3 (0.6138099431991577, 0.6250858306884766, 0.6172943115234375) (0.38497141003608704, 0.3895571529865265, 0.3845999836921692) (1.0, 1.0, 1.0)
4 (0.5853609442710876, 0.6065110564231873, 0.592194139957428) (0.36464282870292664, 0.39082854986190796, 0.37061426043510437) (1.0, 1.0, 1.0)
5 (0.5774239301681519, 0.6022815704345703, 0.5846461653709412) (0.37612855434417725, 0.3968142569065094, 0.3831142783164978) (1.0, 1.0, 1.0)
6 (0.5712607502937317, 0.5981860160827637, 0.5780363082885742) (0.3718571364879608, 0.3976000249385834, 0.37767142057418823) (1.0, 1.0, 1.0)
7 (0.5706537961959839, 0.5967130661010742, 0.5801876187324524) (0.373199999332428, 0.39559999108314514, 0.3824428617954254) (1.0, 1.0, 1.0)
8 (0.5684338212013245, 0.5966659784317017, 0.5770508050918579) (0.3821571469306946, 0.4059857428073883, 0.3903714120388031) (1.0, 1.0, 1.0)
9 (0.5597723126411438, 0.5909267663955688, 0.5703527927398682) (0.3783714175224304, 0.3959428668022156, 0.3862428367137909) (1.0, 1.0, 1.0)
10 (0.5597432851791382, 0.5957602262496948, 0.5717428922653198) (0.38352853059768677, 0.40304285287857056, 0.38847142457962036) (1.0, 1.0, 1.0)
