1 (0.6402701735496521, 0.6506485939025879, 0.6424594521522522) (0.38751429319381714, 0.3962571620941162, 0.3858143389225006) (1.0, 1.0, 1.0)
2 (0.6302026510238647, 0.6405355930328369, 0.6324423551559448) (0.39385709166526794, 0.39977145195007324, 0.39548569917678833) (1.0, 1.0, 1.0)
3 (0.6219240427017212, 0.6352413296699524, 0.6248380541801453) (0.4009285569190979, 0.40547141432762146, 0.40130001306533813) (1.0, 1.0, 1.0)
4 (0.6171298623085022, 0.6323155760765076, 0.6205013990402222) (0.41255712509155273, 0.4174571633338928, 0.41522854566574097) (1.0, 1.0, 1.0)
5 (0.616999626159668, 0.6290610432624817, 0.6195586919784546) (0.4250999987125397, 0.42718571424484253, 0.42325717210769653) (1.0, 1.0, 1.0)
6 (0.6164079904556274, 0.6301774978637695, 0.6184437274932861) (0.4261714518070221, 0.4293856620788574, 0.4275856912136078) (1.0, 1.0, 1.0)
7 (0.6124702095985413, 0.6271430253982544, 0.6162278056144714) (0.4244856834411621, 0.43051427602767944, 0.4252714216709137) (1.0, 1.0, 1.0)
8 (0.6135662198066711, 0.6279451251029968, 0.6166442632675171) (0.42661428451538086, 0.4313428997993469, 0.42730003595352173) (1.0, 1.0, 1.0)
9 (0.6098800897598267, 0.6253215074539185, 0.6148368120193481) (0.42410001158714294, 0.4276285767555237, 0.425171434879303) (1.0, 1.0, 1.0)
10 (0.6142393350601196, 0.6296818852424622, 0.6167985796928406) (0.4278428554534912, 0.4327571392059326, 0.4291857182979584) (1.0, 1.0, 1.0)
