1 (0.5940527319908142, 0.6169714331626892, 0.6030850410461426) (0.3512999713420868, 0.367139995098114, 0.3560999929904938) (1.0, 1.0, 1.0)
2 (0.578443169593811, 0.6038674116134644, 0.5885859727859497) (0.3624599874019623, 0.38651999831199646, 0.37366002798080444) (1.0, 1.0, 1.0)
3 (0.5378384590148926, 0.5733652114868164, 0.5540289282798767) (0.3378400206565857, 0.36827996373176575, 0.3493800163269043) (1.0, 1.0, 1.0)
4 (0.5194921493530273, 0.560301661491394, 0.5403945446014404) (0.33358001708984375, 0.36302000284194946, 0.34797996282577515) (1.0, 1.0, 1.0)
5 (0.5175420045852661, 0.5635648369789124, 0.5392876863479614) (0.3447999954223633, 0.37220001220703125, 0.35655999183654785) (1.0, 1.0, 1.0)
6 (0.5146883726119995, 0.5576701760292053, 0.5343903303146362) (0.3357999920845032, 0.36542001366615295, 0.34780001640319824) (1.0, 1.0, 1.0)
7 (0.5143297910690308, 0.5573574900627136, 0.5363794565200806) (0.34341996908187866, 0.3703800141811371, 0.3576599955558777) (1.0, 1.0, 1.0)
8 (0.5067238807678223, 0.5516903400421143, 0.525585949420929) (0.331279993057251, 0.35930001735687256, 0.3414199948310852) (1.0, 1.0, 1.0)
9 (0.4975319802761078, 0.5454561710357666, 0.5229668617248535) (0.33371999859809875, 0.3627600073814392, 0.34751999378204346) (1.0, 1.0, 1.0)
10 (0.5042503476142883, 0.5483435392379761, 0.5304721593856812) (0.33734002709388733, 0.3611200153827667, 0.34856000542640686) (1.0, 1.0, 1.0)
