1 (0.6934528946876526, 0.6935092210769653, 0.6934983134269714) (0.4992, 0.4992, 0.4992) (1.0, 1.0, 1.0)
2 (0.6930140852928162, 0.693162202835083, 0.6931240558624268) (0.5013166666666666, 0.5013166666666666, 0.5013166666666666) (1.0, 1.0, 1.0)
3 (0.6932172775268555, 0.6932796835899353, 0.6932383179664612) (0.4990166666666666, 0.4990166666666666, 0.4990166666666666) (1.0, 1.0, 1.0)
4 (0.6910317540168762, 0.692864179611206, 0.6923090219497681) (0.5008999999999999, 0.5008999999999999, 0.5008999999999999) (1.0, 1.0, 1.0)
5 (0.6904548406600952, 0.6932024955749512, 0.691704511642456) (0.49995, 0.49995, 0.49995) (1.0, 1.0, 1.0)
6 (0.6884846091270447, 0.69256192445755, 0.68989497423172) (0.49704999999999994, 0.49704999999999994, 0.49704999999999994) (1.0, 1.0, 1.0)
7 (0.6877089142799377, 0.6935093998908997, 0.6910422444343567) (0.49958333333333327, 0.49958333333333327, 0.49958333333333327) (1.0, 1.0, 1.0)
8 (0.6860231757164001, 0.6929508447647095, 0.689647912979126) (0.4983000000000001, 0.4983000000000001, 0.4983000000000001) (1.0, 1.0, 1.0)
9 (0.6869188547134399, 0.6933517456054688, 0.6905679702758789) (0.49976666666666664, 0.49976666666666664, 0.49976666666666664) (1.0, 1.0, 1.0)
10 (0.696179986000061, 0.6959754228591919, 0.696050763130188) (0.4951833333333333, 0.4951833333333333, 0.4951833333333333) (1.0, 1.0, 1.0)
