1 (0.639957070350647, 0.6545580625534058, 0.6457833051681519) (0.36625999212265015, 0.379040002822876, 0.3713900148868561) (1.0, 1.0, 1.0)
2 (0.6156209111213684, 0.6300534009933472, 0.620256781578064) (0.36427000164985657, 0.37838998436927795, 0.36845001578330994) (1.0, 1.0, 1.0)
3 (0.6062996983528137, 0.6244470477104187, 0.6143272519111633) (0.3678399920463562, 0.37800997495651245, 0.3721799850463867) (1.0, 1.0, 1.0)
4 (0.5996485352516174, 0.6159060001373291, 0.6065803170204163) (0.37508001923561096, 0.38374000787734985, 0.3788999617099762) (1.0, 1.0, 1.0)
5 (0.5814781785011292, 0.605228841304779, 0.5918653011322021) (0.3699199855327606, 0.38767001032829285, 0.3797500431537628) (1.0, 1.0, 1.0)
6 (0.569892942905426, 0.59717857837677, 0.5814042687416077) (0.37327003479003906, 0.393559992313385, 0.37977999448776245) (1.0, 1.0, 1.0)
7 (0.5739195942878723, 0.5966709852218628, 0.5827276110649109) (0.3812499940395355, 0.394929975271225, 0.3868899941444397) (1.0, 1.0, 1.0)
8 (0.5623217821121216, 0.592520534992218, 0.5751810073852539) (0.36514002084732056, 0.3867500126361847, 0.3747999668121338) (1.0, 1.0, 1.0)
9 (0.5606597661972046, 0.591022789478302, 0.5744661092758179) (0.3643200099468231, 0.38179999589920044, 0.37084001302719116) (1.0, 1.0, 1.0)
10 (0.5581182241439819, 0.5929799675941467, 0.5738544464111328) (0.35401999950408936, 0.3770500123500824, 0.3630000054836273) (1.0, 1.0, 1.0)
