1 (0.6932541131973267, 0.6933831572532654, 0.6933249235153198) (0.501042902469635, 0.5008642673492432, 0.5012357234954834) (1.0, 1.0, 1.0)
2 (0.6921784281730652, 0.693130373954773, 0.6925662755966187) (0.480264276266098, 0.4965071678161621, 0.48408570885658264) (1.0, 1.0, 1.0)
3 (0.6889735460281372, 0.6923747658729553, 0.6897817254066467) (0.46461430191993713, 0.48872143030166626, 0.4642714560031891) (1.0, 1.0, 1.0)
4 (0.6889428496360779, 0.692676305770874, 0.6888659596443176) (0.47334998846054077, 0.48946428298950195, 0.470771461725235) (1.0, 1.0, 1.0)
5 (0.6881149411201477, 0.6920967698097229, 0.6881896257400513) (0.4674857258796692, 0.485485702753067, 0.4648071229457855) (1.0, 1.0, 1.0)
6 (0.6871968507766724, 0.6922197937965393, 0.6882134675979614) (0.4561000466346741, 0.48380714654922485, 0.45862141251564026) (1.0, 1.0, 1.0)
7 (0.6873718500137329, 0.692315399646759, 0.6879177093505859) (0.4629785418510437, 0.4872071146965027, 0.46183571219444275) (1.0, 1.0, 1.0)
8 (0.6884555816650391, 0.6927648782730103, 0.6881091594696045) (0.4721500277519226, 0.4885285794734955, 0.4697071611881256) (1.0, 1.0, 1.0)
9 (0.6892308592796326, 0.6926472783088684, 0.6892654299736023) (0.46996426582336426, 0.4890356957912445, 0.4674714505672455) (1.0, 1.0, 1.0)
10 (0.6888681650161743, 0.6927403807640076, 0.6887856125831604) (0.47145000100135803, 0.49302855134010315, 0.4693428575992584) (1.0, 1.0, 1.0)
