1 (0.6304790377616882, 0.6328626275062561, 0.6262537837028503) (0.3913514018058777, 0.39379429817199707, 0.3893628418445587) (1.0, 1.0, 1.0)
2 (0.6093055009841919, 0.6132426261901855, 0.6020143628120422) (0.39542853832244873, 0.3978370726108551, 0.3904941976070404) (1.0, 1.0, 1.0)
3 (0.5822997689247131, 0.5867784023284912, 0.5702865719795227) (0.3766656816005707, 0.3800942897796631, 0.36631858348846436) (1.0, 1.0, 1.0)
4 (0.579698920249939, 0.5849658846855164, 0.5645005106925964) (0.3753671646118164, 0.3789571523666382, 0.3643243908882141) (1.0, 1.0, 1.0)
5 (0.5776900053024292, 0.581154465675354, 0.563440203666687) (0.37355145812034607, 0.3754114806652069, 0.36153149604797363) (1.0, 1.0, 1.0)
6 (0.5733541250228882, 0.5774778127670288, 0.5569270849227905) (0.37100136280059814, 0.3733542561531067, 0.35891568660736084) (1.0, 1.0, 1.0)
7 (0.5709574818611145, 0.5733621716499329, 0.553318977355957) (0.3695242702960968, 0.3717185854911804, 0.35623860359191895) (1.0, 1.0, 1.0)
8 (0.5719614624977112, 0.5742232203483582, 0.5523536205291748) (0.3697584867477417, 0.3704213798046112, 0.35631999373435974) (1.0, 1.0, 1.0)
9 (0.5693199038505554, 0.5717723965644836, 0.5498350262641907) (0.3683328628540039, 0.3693714141845703, 0.3537743091583252) (1.0, 1.0, 1.0)
10 (0.568284273147583, 0.5717463493347168, 0.5485886931419373) (0.3663371801376343, 0.36873289942741394, 0.35209572315216064) (1.0, 1.0, 1.0)
11 (0.5694068670272827, 0.5733354687690735, 0.5488784909248352) (0.36693575978279114, 0.3695344626903534, 0.35438430309295654) (1.0, 1.0, 1.0)
12 (0.5670462846755981, 0.5693784356117249, 0.5460838079452515) (0.36500996351242065, 0.36579716205596924, 0.3514286279678345) (1.0, 1.0, 1.0)
13 (0.5663002729415894, 0.5696908831596375, 0.5454617142677307) (0.36318713426589966, 0.3650643229484558, 0.3484157621860504) (1.0, 1.0, 1.0)
14 (0.5761175155639648, 0.5980309844017029, 0.5616588592529297) (0.3672771751880646, 0.3820000886917114, 0.3566815257072449) (1.0, 1.0, 1.0)
15 (0.585405707359314, 0.607693076133728, 0.5712623000144958) (0.37551429867744446, 0.38827988505363464, 0.36469435691833496) (1.0, 1.0, 1.0)
16 (0.5720987319946289, 0.5852736830711365, 0.5560386776924133) (0.37030842900276184, 0.37945565581321716, 0.3588099181652069) (1.0, 1.0, 1.0)
17 (0.5750346183776855, 0.5827295780181885, 0.557675838470459) (0.3732685148715973, 0.3780955970287323, 0.36194565892219543) (1.0, 1.0, 1.0)
18 (0.5673314332962036, 0.5744937062263489, 0.5478811860084534) (0.36727002263069153, 0.3717885911464691, 0.3544986844062805) (1.0, 1.0, 1.0)
19 (0.5672485828399658, 0.570176362991333, 0.5469238758087158) (0.3674699366092682, 0.3685799539089203, 0.35418570041656494) (1.0, 1.0, 1.0)
20 (0.5655655860900879, 0.5686895847320557, 0.544765830039978) (0.36604005098342896, 0.36752578616142273, 0.35234999656677246) (1.0, 1.0, 1.0)
21 (0.5673729181289673, 0.5716874599456787, 0.5476245284080505) (0.3676256835460663, 0.36951279640197754, 0.3549700081348419) (1.0, 1.0, 1.0)
22 (0.5655592083930969, 0.5704399943351746, 0.5456746220588684) (0.3659442067146301, 0.3689328730106354, 0.35352709889411926) (1.0, 1.0, 1.0)
23 (0.5664136409759521, 0.5693661570549011, 0.5456869006156921) (0.36631134152412415, 0.36775001883506775, 0.3520514965057373) (1.0, 1.0, 1.0)
24 (0.5675972104072571, 0.577655017375946, 0.5490715503692627) (0.36481139063835144, 0.3704257309436798, 0.35286426544189453) (1.0, 1.0, 1.0)
25 (0.5660712718963623, 0.5718926787376404, 0.5464128255844116) (0.36557143926620483, 0.36931994557380676, 0.35248851776123047) (1.0, 1.0, 1.0)
26 (0.5678101181983948, 0.5714734792709351, 0.5473063588142395) (0.36797425150871277, 0.3702685832977295, 0.3545856475830078) (1.0, 1.0, 1.0)
27 (0.5634762048721313, 0.5670119524002075, 0.544501781463623) (0.3656199276447296, 0.3663142919540405, 0.3523556590080261) (1.0, 1.0, 1.0)
28 (0.5662157535552979, 0.5705466866493225, 0.5442943572998047) (0.36626431345939636, 0.3694756329059601, 0.35236865282058716) (1.0, 1.0, 1.0)
29 (0.5640724301338196, 0.568018913269043, 0.5437615513801575) (0.3658228814601898, 0.3677985370159149, 0.353769987821579) (1.0, 1.0, 1.0)
30 (0.5673332810401917, 0.5715151429176331, 0.5485854744911194) (0.3690813481807709, 0.36994144320487976, 0.3569086492061615) (1.0, 1.0, 1.0)
31 (0.5638641119003296, 0.567213237285614, 0.5438001751899719) (0.36674293875694275, 0.36878135800361633, 0.35418856143951416) (1.0, 1.0, 1.0)
32 (0.5625713467597961, 0.5650850534439087, 0.5424238443374634) (0.3667542636394501, 0.367832750082016, 0.35279861092567444) (1.0, 1.0, 1.0)
33 (0.565991222858429, 0.5678094625473022, 0.5443946719169617) (0.36693572998046875, 0.36814430356025696, 0.3528999984264374) (1.0, 1.0, 1.0)
34 (0.5647448301315308, 0.5667056441307068, 0.5447908043861389) (0.36799004673957825, 0.36860722303390503, 0.35538437962532043) (1.0, 1.0, 1.0)
35 (0.6676070690155029, 0.6978959441184998, 0.6664825677871704) (0.45162293314933777, 0.4594685435295105, 0.4489699602127075) (1.0, 1.0, 1.0)
36 (0.691602885723114, 0.6924229264259338, 0.6915168762207031) (0.4941214323043823, 0.4943057596683502, 0.4941413998603821) (1.0, 1.0, 1.0)
37 (0.6945065855979919, 0.6946338415145874, 0.6943857669830322) (0.49626991152763367, 0.49621856212615967, 0.4949486553668976) (1.0, 1.0, 1.0)
38 (0.6933035254478455, 0.6934618353843689, 0.6934064626693726) (0.49351435899734497, 0.4946100115776062, 0.4946114718914032) (1.0, 1.0, 1.0)
39 (0.693206787109375, 0.6933582425117493, 0.6931518316268921) (0.4974185526371002, 0.49614155292510986, 0.49589717388153076) (1.0, 1.0, 1.0)
40 (0.6912722587585449, 0.6918113827705383, 0.6912139058113098) (0.49337586760520935, 0.4945685565471649, 0.493454247713089) (1.0, 1.0, 1.0)
41 (0.6905181407928467, 0.6912670135498047, 0.6905650496482849) (0.4913342297077179, 0.4917399287223816, 0.49079427123069763) (1.0, 1.0, 1.0)
42 (0.6933692693710327, 0.6939820051193237, 0.6933362483978271) (0.492902934551239, 0.49443718791007996, 0.4933686852455139) (1.0, 1.0, 1.0)
43 (0.6908146739006042, 0.6915373802185059, 0.690671980381012) (0.4904370903968811, 0.492195725440979, 0.49014556407928467) (1.0, 1.0, 1.0)
44 (0.6896581053733826, 0.6909087896347046, 0.6896566152572632) (0.4868727922439575, 0.4873928725719452, 0.48595577478408813) (1.0, 1.0, 1.0)
45 (0.6853567361831665, 0.687492847442627, 0.6851463317871094) (0.4729900062084198, 0.4755142331123352, 0.4720757305622101) (1.0, 1.0, 1.0)
46 (0.6741142868995667, 0.6778497099876404, 0.6739987730979919) (0.4364456832408905, 0.44393566250801086, 0.4374629855155945) (1.0, 1.0, 1.0)
47 (0.6596764922142029, 0.6656526923179626, 0.6597592830657959) (0.4156756103038788, 0.42378151416778564, 0.41709718108177185) (1.0, 1.0, 1.0)
48 (0.649493932723999, 0.6558674573898315, 0.6482897996902466) (0.40610000491142273, 0.4141227602958679, 0.4055514633655548) (1.0, 1.0, 1.0)
49 (0.6338622570037842, 0.6422890424728394, 0.6321729421615601) (0.40667569637298584, 0.4154987037181854, 0.40640556812286377) (1.0, 1.0, 1.0)
50 (0.6079192757606506, 0.6179569363594055, 0.6057137250900269) (0.43143993616104126, 0.43516719341278076, 0.4301086664199829) (1.0, 1.0, 1.0)
