1 (0.5856589078903198, 0.6073530912399292, 0.5998471975326538) (0.3269833028316498, 0.34708335995674133, 0.3372333347797394) (1.0, 1.0, 1.0)
2 (0.5471847057342529, 0.585210382938385, 0.5712498426437378) (0.33721667528152466, 0.3544333279132843, 0.3473166823387146) (1.0, 1.0, 1.0)
3 (0.529068112373352, 0.5680474638938904, 0.5500905513763428) (0.33489999175071716, 0.3569999635219574, 0.3473166823387146) (1.0, 1.0, 1.0)
4 (0.5196154713630676, 0.5607013702392578, 0.543967604637146) (0.3395500183105469, 0.35909998416900635, 0.3507999777793884) (1.0, 1.0, 1.0)
5 (0.5156769752502441, 0.559244692325592, 0.5428904891014099) (0.3415166437625885, 0.3661666512489319, 0.3612666726112366) (1.0, 1.0, 1.0)
6 (0.5104228854179382, 0.5501483678817749, 0.536055862903595) (0.3481000065803528, 0.3675500154495239, 0.35838332772254944) (1.0, 1.0, 1.0)
7 (0.506533145904541, 0.5521028637886047, 0.5337038636207581) (0.34821662306785583, 0.3688499927520752, 0.36071667075157166) (1.0, 1.0, 1.0)
8 (0.5156059861183167, 0.5645188093185425, 0.5463283061981201) (0.3525833487510681, 0.3745500147342682, 0.36586666107177734) (1.0, 1.0, 1.0)
9 (0.517372727394104, 0.5651175379753113, 0.547884464263916) (0.34986668825149536, 0.37129998207092285, 0.3627166748046875) (1.0, 1.0, 1.0)
10 (0.5146517157554626, 0.5611361265182495, 0.5412999391555786) (0.35341668128967285, 0.3772333562374115, 0.36614999175071716) (1.0, 1.0, 1.0)
