1 (0.693657398223877, 0.6937452554702759, 0.6937307119369507) (0.4973599910736084, 0.49740004539489746, 0.49727997183799744) (1.0, 1.0, 1.0)
2 (0.6935402154922485, 0.6935228705406189, 0.6935224533081055) (0.5017000436782837, 0.5017000436782837, 0.5017000436782837) (1.0, 1.0, 1.0)
3 (0.6932758092880249, 0.6932772397994995, 0.6932783126831055) (0.5018799901008606, 0.5017999410629272, 0.5028200745582581) (1.0, 1.0, 1.0)
4 (0.6932543516159058, 0.6932532787322998, 0.6932543516159058) (0.5002400279045105, 0.5002400279045105, 0.5002400279045105) (1.0, 1.0, 1.0)
5 (0.6935642957687378, 0.6935667991638184, 0.6935663223266602) (0.5023800134658813, 0.5023800134658813, 0.5023800134658813) (1.0, 1.0, 1.0)
6 (0.6933953166007996, 0.6933998465538025, 0.693398118019104) (0.5028800368309021, 0.5028800368309021, 0.5028800368309021) (1.0, 1.0, 1.0)
7 (0.6936885118484497, 0.6936917901039124, 0.6936939358711243) (0.49696001410484314, 0.49724000692367554, 0.49678000807762146) (1.0, 1.0, 1.0)
8 (0.6932213306427002, 0.6932207345962524, 0.6932204961776733) (0.4993800222873688, 0.4993800222873688, 0.4993800222873688) (1.0, 1.0, 1.0)
9 (0.6934260129928589, 0.6934245824813843, 0.6934248208999634) (0.49991995096206665, 0.49991995096206665, 0.49991995096206665) (1.0, 1.0, 1.0)
10 (0.6934386491775513, 0.6934378743171692, 0.6934377551078796) (0.5021200180053711, 0.5021200180053711, 0.5021200180053711) (1.0, 1.0, 1.0)
