1 (0.6439486145973206, 0.655855655670166, 0.6486105918884277) (0.37591999769210815, 0.3868999779224396, 0.38109999895095825) (1.0, 1.0, 1.0)
2 (0.6219745874404907, 0.6395869255065918, 0.6285561919212341) (0.3795100450515747, 0.39142996072769165, 0.381740003824234) (1.0, 1.0, 1.0)
3 (0.5761769413948059, 0.6004844903945923, 0.586152195930481) (0.3703100085258484, 0.38955003023147583, 0.37929996848106384) (1.0, 1.0, 1.0)
4 (0.572035014629364, 0.5947262048721313, 0.5826002955436707) (0.3723500370979309, 0.39350998401641846, 0.3824000060558319) (1.0, 1.0, 1.0)
5 (0.5686035752296448, 0.5974829792976379, 0.579750657081604) (0.3766399919986725, 0.3978100121021271, 0.3861300051212311) (1.0, 1.0, 1.0)
6 (0.5677081346511841, 0.5906004905700684, 0.5761802792549133) (0.3775099813938141, 0.39781999588012695, 0.3855000138282776) (1.0, 1.0, 1.0)
7 (0.566591739654541, 0.5904396772384644, 0.5777137875556946) (0.37841999530792236, 0.3972000181674957, 0.3869999945163727) (1.0, 1.0, 1.0)
8 (0.565424382686615, 0.5882230997085571, 0.5749488472938538) (0.3748599886894226, 0.39305999875068665, 0.3817099928855896) (1.0, 1.0, 1.0)
9 (0.5667210221290588, 0.5893780589103699, 0.5773230791091919) (0.3769100308418274, 0.3913400173187256, 0.38457998633384705) (1.0, 1.0, 1.0)
10 (0.5634989142417908, 0.5897078514099121, 0.5759956240653992) (0.37018999457359314, 0.3896999955177307, 0.3802799880504608) (1.0, 1.0, 1.0)
