1 (0.6178391575813293, 0.6379906535148621, 0.6247344613075256) (0.37143999338150024, 0.3856399953365326, 0.37643998861312866) (1.0, 1.0, 1.0)
2 (0.6030982732772827, 0.6178418397903442, 0.6097261905670166) (0.3634999990463257, 0.3725399672985077, 0.36941999197006226) (1.0, 1.0, 1.0)
3 (0.6570842266082764, 0.6794365644454956, 0.6652196645736694) (0.4060400128364563, 0.41484004259109497, 0.4078599810600281) (1.0, 1.0, 1.0)
4 (0.5903559923171997, 0.6107900738716125, 0.5979251861572266) (0.39097997546195984, 0.40602001547813416, 0.3944999873638153) (1.0, 1.0, 1.0)
5 (0.5709609985351562, 0.595633864402771, 0.5820081233978271) (0.383899986743927, 0.3993600010871887, 0.3923199772834778) (1.0, 1.0, 1.0)
6 (0.571282684803009, 0.5918194651603699, 0.5773398280143738) (0.39257997274398804, 0.40688005089759827, 0.3974999785423279) (1.0, 1.0, 1.0)
7 (0.5690608024597168, 0.589317262172699, 0.5755546689033508) (0.39475998282432556, 0.402819961309433, 0.39583998918533325) (1.0, 1.0, 1.0)
8 (0.5695047378540039, 0.5929030179977417, 0.5779417157173157) (0.39744001626968384, 0.4099999964237213, 0.4037799835205078) (1.0, 1.0, 1.0)
9 (0.5682627558708191, 0.5900336503982544, 0.5784331560134888) (0.40046000480651855, 0.4081200063228607, 0.405519962310791) (1.0, 1.0, 1.0)
10 (0.5698630809783936, 0.5898247957229614, 0.5779731869697571) (0.4017600119113922, 0.41322001814842224, 0.40738001465797424) (1.0, 1.0, 1.0)
