1 (0.6933369636535645, 0.693361759185791, 0.6933999061584473) (0.49869999289512634, 0.4984428286552429, 0.498285710811615) (1.0, 1.0, 1.0)
2 (0.6933584809303284, 0.6933670043945312, 0.6933633685112) (0.4986000061035156, 0.49882858991622925, 0.49874281883239746) (1.0, 1.0, 1.0)
3 (0.6931856870651245, 0.6931859850883484, 0.6931909322738647) (0.4985714554786682, 0.4985428750514984, 0.4984142780303955) (1.0, 1.0, 1.0)
4 (0.6932920217514038, 0.6932981610298157, 0.6932976841926575) (0.499828577041626, 0.4998142719268799, 0.4997285306453705) (1.0, 1.0, 1.0)
5 (0.6930538415908813, 0.6930584907531738, 0.6930629014968872) (0.49378570914268494, 0.4931570887565613, 0.49330005049705505) (1.0, 1.0, 1.0)
6 (0.6934446096420288, 0.6934458613395691, 0.6934451460838318) (0.5012428760528564, 0.5012428760528564, 0.5012428760528564) (1.0, 1.0, 1.0)
7 (0.6934224367141724, 0.6934720873832703, 0.6934717297554016) (0.49891430139541626, 0.49891430139541626, 0.49891430139541626) (1.0, 1.0, 1.0)
8 (0.6932083368301392, 0.6932244896888733, 0.6932289600372314) (0.49875718355178833, 0.49884286522865295, 0.4990285336971283) (1.0, 1.0, 1.0)
9 (0.6933178305625916, 0.6933227181434631, 0.6933227777481079) (0.4989714026451111, 0.4989714026451111, 0.4989714026451111) (1.0, 1.0, 1.0)
10 (0.6934173703193665, 0.6934212446212769, 0.6934231519699097) (0.5010142922401428, 0.5011571645736694, 0.5012000203132629) (1.0, 1.0, 1.0)
