1 (0.6331992745399475, 0.6442351341247559, 0.6350846290588379) (0.3995285630226135, 0.40958571434020996, 0.4000428318977356) (1.0, 1.0, 1.0)
2 (0.6193335652351379, 0.6305829286575317, 0.6221866011619568) (0.4049428403377533, 0.4147285521030426, 0.4065714478492737) (1.0, 1.0, 1.0)
3 (0.6006971597671509, 0.6256574392318726, 0.6061021685600281) (0.4066285490989685, 0.4242428243160248, 0.40957140922546387) (1.0, 1.0, 1.0)
4 (0.6004695892333984, 0.6211041808128357, 0.6048291325569153) (0.40777143836021423, 0.4211571216583252, 0.4124714434146881) (1.0, 1.0, 1.0)
5 (0.5951310396194458, 0.6168896555900574, 0.6005966067314148) (0.40049999952316284, 0.41925716400146484, 0.4049000144004822) (1.0, 1.0, 1.0)
6 (0.5961862802505493, 0.6189079284667969, 0.6014429330825806) (0.40527138113975525, 0.4213857054710388, 0.41021427512168884) (1.0, 1.0, 1.0)
7 (0.5951828956604004, 0.616826057434082, 0.6018334031105042) (0.4087856709957123, 0.4211142659187317, 0.41024285554885864) (1.0, 1.0, 1.0)
8 (0.592375636100769, 0.6152594685554504, 0.5989094972610474) (0.4019714295864105, 0.4180000424385071, 0.4076571464538574) (1.0, 1.0, 1.0)
9 (0.5922737717628479, 0.6174522638320923, 0.597467839717865) (0.40701431035995483, 0.4205142855644226, 0.4100714325904846) (1.0, 1.0, 1.0)
10 (0.5925303101539612, 0.6155496835708618, 0.5986901521682739) (0.4075714647769928, 0.4212285578250885, 0.410800039768219) (1.0, 1.0, 1.0)
