1 (0.5894563794136047, 0.594113290309906, 0.5818040370941162) (0.3522382974624634, 0.35603001713752747, 0.3455716371536255) (1.0, 1.0, 1.0)
2 (0.5385898947715759, 0.5419385433197021, 0.5262300372123718) (0.3185633420944214, 0.3218449354171753, 0.31226664781570435) (1.0, 1.0, 1.0)
3 (0.6590225696563721, 0.6672613620758057, 0.6609259843826294) (0.4075150191783905, 0.417059987783432, 0.4094300866127014) (1.0, 1.0, 1.0)
4 (0.6886100769042969, 0.6904392838478088, 0.6894970536231995) (0.48142340779304504, 0.4822116494178772, 0.4817400872707367) (1.0, 1.0, 1.0)
5 (0.6919522881507874, 0.6923523545265198, 0.6920815110206604) (0.4930967092514038, 0.49295178055763245, 0.4931449592113495) (1.0, 1.0, 1.0)
6 (0.6857316493988037, 0.6882389783859253, 0.6868043541908264) (0.4780501127243042, 0.48042502999305725, 0.4789898991584778) (1.0, 1.0, 1.0)
7 (0.6687825918197632, 0.6750412583351135, 0.6705005764961243) (0.43994832038879395, 0.4445449709892273, 0.44074001908302307) (1.0, 1.0, 1.0)
8 (0.6835002899169922, 0.6929205060005188, 0.6876314282417297) (0.48869839310646057, 0.48856502771377563, 0.4889349043369293) (1.0, 1.0, 1.0)
9 (0.6128382682800293, 0.6258463263511658, 0.6163345575332642) (0.36424991488456726, 0.3747299909591675, 0.3675067126750946) (1.0, 1.0, 1.0)
10 (0.6878924369812012, 0.6891984343528748, 0.6880503296852112) (0.4843784272670746, 0.4871000349521637, 0.48604825139045715) (1.0, 1.0, 1.0)
11 (0.6872267723083496, 0.6889431476593018, 0.6873821020126343) (0.4841999411582947, 0.4861733317375183, 0.4843166470527649) (1.0, 1.0, 1.0)
12 (0.6830048561096191, 0.6835476756095886, 0.6832075715065002) (0.4884015917778015, 0.48852023482322693, 0.4878416061401367) (1.0, 1.0, 1.0)
13 (0.6850758194923401, 0.6857793927192688, 0.6851404309272766) (0.48914334177970886, 0.48809510469436646, 0.4876466393470764) (1.0, 1.0, 1.0)
14 (0.6870696544647217, 0.6875823140144348, 0.6872622966766357) (0.4868350923061371, 0.48797503113746643, 0.485671728849411) (1.0, 1.0, 1.0)
15 (0.6862812042236328, 0.6871194243431091, 0.6864117980003357) (0.4844634532928467, 0.4855550527572632, 0.48412320017814636) (1.0, 1.0, 1.0)
16 (0.6865951418876648, 0.6873806118965149, 0.6867464184761047) (0.48962658643722534, 0.491698294878006, 0.48925328254699707) (1.0, 1.0, 1.0)
17 (0.6837468147277832, 0.6849485039710999, 0.6840014457702637) (0.4839898347854614, 0.48367828130722046, 0.48395663499832153) (1.0, 1.0, 1.0)
18 (0.6834890246391296, 0.6842362284660339, 0.6838736534118652) (0.4856349527835846, 0.4853317141532898, 0.4870181977748871) (1.0, 1.0, 1.0)
19 (0.6936387419700623, 0.6936034560203552, 0.6936051845550537) (0.5001384019851685, 0.49990174174308777, 0.49987345933914185) (1.0, 1.0, 1.0)
20 (0.6933486461639404, 0.6933698058128357, 0.6934323310852051) (0.4985417127609253, 0.4991683065891266, 0.5002499222755432) (1.0, 1.0, 1.0)
21 (0.6935871839523315, 0.6935105919837952, 0.6935175061225891) (0.5012549757957458, 0.49935010075569153, 0.4997367560863495) (1.0, 1.0, 1.0)
22 (0.693342387676239, 0.693370521068573, 0.6933323740959167) (0.4990018606185913, 0.5000382661819458, 0.49914664030075073) (1.0, 1.0, 1.0)
23 (0.6932351589202881, 0.6932345628738403, 0.6932060122489929) (0.49942517280578613, 0.4991234242916107, 0.4983682930469513) (1.0, 1.0, 1.0)
24 (0.6932454109191895, 0.693265438079834, 0.693208634853363) (0.5001532435417175, 0.5012249946594238, 0.4990682899951935) (1.0, 1.0, 1.0)
25 (0.6932252645492554, 0.6932300329208374, 0.6932449340820312) (0.4994599521160126, 0.4995098114013672, 0.500646710395813) (1.0, 1.0, 1.0)
26 (0.6932711005210876, 0.6932339668273926, 0.6932529211044312) (0.5009365677833557, 0.5001832842826843, 0.5003732442855835) (1.0, 1.0, 1.0)
27 (0.6931857466697693, 0.6932109594345093, 0.6932019591331482) (0.4992050528526306, 0.5001016855239868, 0.4999866187572479) (1.0, 1.0, 1.0)
28 (0.6937149167060852, 0.6936672329902649, 0.6936923861503601) (0.500583291053772, 0.5004864931106567, 0.5003499984741211) (1.0, 1.0, 1.0)
29 (0.6932228803634644, 0.6932228803634644, 0.6932364702224731) (0.49948832392692566, 0.5004783272743225, 0.5009549856185913) (1.0, 1.0, 1.0)
30 (0.6932699084281921, 0.6933541893959045, 0.6932860016822815) (0.4992283284664154, 0.5007150173187256, 0.4998098611831665) (1.0, 1.0, 1.0)
31 (0.6933469176292419, 0.6933527588844299, 0.6933173537254333) (0.5005999207496643, 0.500023365020752, 0.4990917146205902) (1.0, 1.0, 1.0)
32 (0.6931994557380676, 0.6932356357574463, 0.6932140588760376) (0.4988517463207245, 0.5000283718109131, 0.49925827980041504) (1.0, 1.0, 1.0)
33 (0.6933838129043579, 0.6934228539466858, 0.6933726668357849) (0.5009034276008606, 0.5009583830833435, 0.5000998973846436) (1.0, 1.0, 1.0)
34 (0.6932153105735779, 0.6932004690170288, 0.6931717395782471) (0.50177001953125, 0.5002166628837585, 0.49857163429260254) (1.0, 1.0, 1.0)
35 (0.6931672692298889, 0.6931928992271423, 0.6931886076927185) (0.49861830472946167, 0.4999934136867523, 0.5005016922950745) (1.0, 1.0, 1.0)
36 (0.6931894421577454, 0.6931992173194885, 0.6931846141815186) (0.4996398985385895, 0.5002549290657043, 0.49894168972969055) (1.0, 1.0, 1.0)
37 (0.6933215260505676, 0.6933591365814209, 0.6933481693267822) (0.500343382358551, 0.5001965165138245, 0.49953320622444153) (1.0, 1.0, 1.0)
38 (0.6931995153427124, 0.6931724548339844, 0.6931681632995605) (0.5020449161529541, 0.49967169761657715, 0.4997332692146301) (1.0, 1.0, 1.0)
39 (0.6925308704376221, 0.6926095485687256, 0.6925678253173828) (0.4976416826248169, 0.49710842967033386, 0.49708491563796997) (1.0, 1.0, 1.0)
40 (0.6913079619407654, 0.691642165184021, 0.6913672685623169) (0.49861815571784973, 0.4983883798122406, 0.49783504009246826) (1.0, 1.0, 1.0)
41 (0.6974999904632568, 0.6977924108505249, 0.6975542306900024) (0.4959283769130707, 0.4962550103664398, 0.49618661403656006) (1.0, 1.0, 1.0)
42 (0.6906493902206421, 0.6908425092697144, 0.6905807256698608) (0.4966799020767212, 0.4967916011810303, 0.49512505531311035) (1.0, 1.0, 1.0)
43 (0.6902909278869629, 0.6903855204582214, 0.6905128359794617) (0.4941198229789734, 0.4946167767047882, 0.49598827958106995) (1.0, 1.0, 1.0)
44 (0.6901542544364929, 0.6905386447906494, 0.6902569532394409) (0.49562838673591614, 0.49670830368995667, 0.4962634742259979) (1.0, 1.0, 1.0)
45 (0.690284013748169, 0.6904809474945068, 0.6903617978096008) (0.49331170320510864, 0.4937267005443573, 0.494879812002182) (1.0, 1.0, 1.0)
46 (0.690043032169342, 0.6898653507232666, 0.6901096105575562) (0.4939981698989868, 0.4927065968513489, 0.49465492367744446) (1.0, 1.0, 1.0)
47 (0.6898724436759949, 0.690091609954834, 0.6900302767753601) (0.49344509840011597, 0.4942767322063446, 0.49403995275497437) (1.0, 1.0, 1.0)
48 (0.6901163458824158, 0.6901190876960754, 0.6901811361312866) (0.49737483263015747, 0.4945700764656067, 0.4963550269603729) (1.0, 1.0, 1.0)
49 (0.6899666786193848, 0.6899442076683044, 0.6897939443588257) (0.49358344078063965, 0.49400508403778076, 0.4925532042980194) (1.0, 1.0, 1.0)
50 (0.6898372769355774, 0.6899495720863342, 0.689751386642456) (0.49567320942878723, 0.49619168043136597, 0.495193213224411) (1.0, 1.0, 1.0)
