1 (0.6935195326805115, 0.6936128735542297, 0.6935684084892273) (0.5008214712142944, 0.5002213716506958, 0.4999571442604065) (1.0, 1.0, 1.0)
2 (0.6923577189445496, 0.6931461095809937, 0.6926533579826355) (0.49815717339515686, 0.5001500248908997, 0.4990714490413666) (1.0, 1.0, 1.0)
3 (0.6887989640235901, 0.6927744746208191, 0.6898144483566284) (0.4728071689605713, 0.4924356937408447, 0.47128573060035706) (1.0, 1.0, 1.0)
4 (0.6917553544044495, 0.6930991411209106, 0.6890027523040771) (0.4834499955177307, 0.4916857182979584, 0.4715285897254944) (1.0, 1.0, 1.0)
5 (0.6903505325317383, 0.6928930878639221, 0.6888931393623352) (0.47771430015563965, 0.49267855286598206, 0.4672214388847351) (1.0, 1.0, 1.0)
6 (0.687157928943634, 0.6929146647453308, 0.6890147924423218) (0.469249963760376, 0.4937642514705658, 0.4722856879234314) (1.0, 1.0, 1.0)
7 (0.6916646957397461, 0.6929681897163391, 0.6888899207115173) (0.48780712485313416, 0.49235716462135315, 0.4694499969482422) (1.0, 1.0, 1.0)
8 (0.6947494745254517, 0.6930181384086609, 0.6887978315353394) (0.4926857054233551, 0.49215713143348694, 0.47537142038345337) (1.0, 1.0, 1.0)
9 (0.6902948617935181, 0.6931183338165283, 0.6889702081680298) (0.4790285527706146, 0.4925857186317444, 0.4663929045200348) (1.0, 1.0, 1.0)
10 (0.6915547251701355, 0.6930979490280151, 0.6885038018226624) (0.48351430892944336, 0.4912071228027344, 0.4691428542137146) (1.0, 1.0, 1.0)
