1 (0.6855725049972534, 0.6924576759338379, 0.6878129839897156) (0.4588998556137085, 0.48564139008522034, 0.4593571424484253) (1.0, 1.0, 1.0)
2 (0.689042866230011, 0.6924951076507568, 0.6871386766433716) (0.4718114733695984, 0.48704856634140015, 0.4607757329940796) (1.0, 1.0, 1.0)
3 (0.7180203199386597, 0.7178350687026978, 0.7181198596954346) (0.501010000705719, 0.5011056661605835, 0.5010471940040588) (1.0, 1.0, 1.0)
4 (0.6933639645576477, 0.6933721303939819, 0.6933715343475342) (0.5000443458557129, 0.5001428127288818, 0.5001686215400696) (1.0, 1.0, 1.0)
5 (0.6932816505432129, 0.6932850480079651, 0.6932846903800964) (0.5005985498428345, 0.5006099939346313, 0.5006042718887329) (1.0, 1.0, 1.0)
6 (0.6932624578475952, 0.6932570934295654, 0.6932571530342102) (0.5004428625106812, 0.5004428625106812, 0.5004428625106812) (1.0, 1.0, 1.0)
7 (0.6933135390281677, 0.6933189630508423, 0.6933187246322632) (0.49968579411506653, 0.4996543228626251, 0.4996543228626251) (1.0, 1.0, 1.0)
8 (0.6933544874191284, 0.6933497786521912, 0.6933494806289673) (0.500872790813446, 0.5008899569511414, 0.500901460647583) (1.0, 1.0, 1.0)
9 (0.6932503581047058, 0.6932500600814819, 0.6932499408721924) (0.49951857328414917, 0.49957722425460815, 0.4994972348213196) (1.0, 1.0, 1.0)
10 (0.693308413028717, 0.6933047771453857, 0.6933048963546753) (0.498427152633667, 0.49854710698127747, 0.49857863783836365) (1.0, 1.0, 1.0)
11 (0.693202793598175, 0.6932035088539124, 0.6932034492492676) (0.5002272129058838, 0.5002272129058838, 0.5002272129058838) (1.0, 1.0, 1.0)
12 (0.6932421922683716, 0.6932418942451477, 0.6932418346405029) (0.5000500679016113, 0.5002357959747314, 0.500148594379425) (1.0, 1.0, 1.0)
13 (0.6933481097221375, 0.6933479905128479, 0.6933479905128479) (0.5006356835365295, 0.5006356835365295, 0.5006356835365295) (1.0, 1.0, 1.0)
14 (0.6934659481048584, 0.6934665441513062, 0.6934666633605957) (0.5001627802848816, 0.5001627802848816, 0.5001627802848816) (1.0, 1.0, 1.0)
15 (0.6931904554367065, 0.6931905150413513, 0.6931904554367065) (0.5003841519355774, 0.5003841519355774, 0.5003841519355774) (1.0, 1.0, 1.0)
16 (0.6950103044509888, 0.6950106024742126, 0.6950110793113708) (0.49959996342658997, 0.49959996342658997, 0.49959996342658997) (1.0, 1.0, 1.0)
17 (0.6932250261306763, 0.6932250261306763, 0.693225085735321) (0.5006685853004456, 0.500730037689209, 0.5007328391075134) (1.0, 1.0, 1.0)
18 (0.6932408213615417, 0.6932408213615417, 0.6932408213615417) (0.5002542734146118, 0.5002542734146118, 0.5002542734146118) (1.0, 1.0, 1.0)
19 (0.6935569643974304, 0.6935571432113647, 0.6935572028160095) (0.5001857280731201, 0.5001857280731201, 0.5001857280731201) (1.0, 1.0, 1.0)
20 (0.6939131021499634, 0.6939128041267395, 0.6939128637313843) (0.5003071427345276, 0.5003071427345276, 0.5003071427345276) (1.0, 1.0, 1.0)
