1 (0.6488281488418579, 0.6592696905136108, 0.6515124440193176) (0.40482860803604126, 0.41258567571640015, 0.4080285429954529) (1.0, 1.0, 1.0)
2 (0.6205790638923645, 0.6336662173271179, 0.6232718229293823) (0.39894285798072815, 0.4099714159965515, 0.40285712480545044) (1.0, 1.0, 1.0)
3 (0.6060739755630493, 0.6255816221237183, 0.610643744468689) (0.405042827129364, 0.4207428991794586, 0.41042858362197876) (1.0, 1.0, 1.0)
4 (0.5991569757461548, 0.6176372766494751, 0.6034236550331116) (0.39808574318885803, 0.41677141189575195, 0.40135711431503296) (1.0, 1.0, 1.0)
5 (0.5968849658966064, 0.6168633699417114, 0.6006744503974915) (0.40049999952316284, 0.4188857078552246, 0.4050428867340088) (1.0, 1.0, 1.0)
6 (0.5967668294906616, 0.6127026677131653, 0.6004265546798706) (0.39745715260505676, 0.41094285249710083, 0.4015571177005768) (1.0, 1.0, 1.0)
7 (0.5960695147514343, 0.6142980456352234, 0.601546049118042) (0.40061426162719727, 0.4140999913215637, 0.40447139739990234) (1.0, 1.0, 1.0)
8 (0.5944738388061523, 0.6117986440658569, 0.5992174744606018) (0.4039285182952881, 0.4132428765296936, 0.40534287691116333) (1.0, 1.0, 1.0)
9 (0.5936313271522522, 0.6108614206314087, 0.5983521342277527) (0.402571439743042, 0.4156571328639984, 0.40790000557899475) (1.0, 1.0, 1.0)
10 (0.5926858186721802, 0.613926887512207, 0.5979594588279724) (0.40522855520248413, 0.4181285798549652, 0.4096999764442444) (1.0, 1.0, 1.0)
