1 (0.5474531054496765, 0.5541419982910156, 0.5393569469451904) (0.30952340364456177, 0.3130999803543091, 0.30410996079444885) (1.0, 1.0, 1.0)
2 (0.5132004022598267, 0.5167785882949829, 0.49945420026779175) (0.29625996947288513, 0.2971666753292084, 0.28825995326042175) (1.0, 1.0, 1.0)
3 (0.49893516302108765, 0.5031610727310181, 0.4813482165336609) (0.2901367247104645, 0.29012003540992737, 0.2746966481208801) (0.9998999999999999, 1.0, 0.9997999999999999)
4 (0.4936707317829132, 0.49881526827812195, 0.4764060080051422) (0.2849333882331848, 0.2861267030239105, 0.26957330107688904) (1.0, 1.0, 1.0)
5 (0.4895350933074951, 0.49358904361724854, 0.4734152853488922) (0.28328999876976013, 0.28278663754463196, 0.26874005794525146) (1.0, 1.0, 1.0)
6 (0.4861315190792084, 0.4926070272922516, 0.4694375991821289) (0.27696001529693604, 0.2812466621398926, 0.2644100487232208) (1.0, 1.0, 0.9999000000000001)
7 (0.4816146194934845, 0.4856085479259491, 0.46339166164398193) (0.27202001214027405, 0.27099668979644775, 0.2551599442958832) (1.0, 1.0, 0.9998)
8 (0.4795776605606079, 0.489791601896286, 0.4622182548046112) (0.26460331678390503, 0.2685999870300293, 0.25027334690093994) (0.9999000000000001, 0.9998999999999999, 0.9998)
9 (0.4769408702850342, 0.48229461908340454, 0.45858487486839294) (0.25970667600631714, 0.2617299556732178, 0.24447999894618988) (1.0, 1.0, 0.9998)
10 (0.4766811430454254, 0.48357853293418884, 0.4579096734523773) (0.2610633671283722, 0.26407667994499207, 0.24770666658878326) (0.9997999999999999, 0.9998999999999999, 0.9998999999999999)
11 (0.47347626090049744, 0.4790576100349426, 0.45292186737060547) (0.2602267563343048, 0.2638166546821594, 0.24709667265415192) (1.0, 0.9998999999999999, 0.9997)
12 (0.4712481200695038, 0.4808095693588257, 0.4521705210208893) (0.2599700391292572, 0.26480337977409363, 0.2461700439453125) (1.0, 1.0, 0.9999000000000001)
13 (0.4686320126056671, 0.47467929124832153, 0.448677659034729) (0.2622933089733124, 0.26510998606681824, 0.24823670089244843) (1.0, 1.0, 0.9998)
14 (0.47144249081611633, 0.4779554605484009, 0.45308917760849) (0.26604002714157104, 0.2692333161830902, 0.25481998920440674) (1.0, 0.9999000000000001, 1.0)
15 (0.4686357080936432, 0.4742436707019806, 0.44643107056617737) (0.266926646232605, 0.2697599530220032, 0.2516133785247803) (1.0, 0.9998999999999999, 0.9998)
16 (0.4679146111011505, 0.47930726408958435, 0.450281023979187) (0.26810336112976074, 0.272296667098999, 0.2553599774837494) (1.0, 1.0, 0.9998999999999999)
17 (0.46928730607032776, 0.4805077016353607, 0.451420396566391) (0.26859328150749207, 0.27570000290870667, 0.2590566575527191) (1.0, 1.0, 1.0)
18 (0.4652658700942993, 0.4738272726535797, 0.44486409425735474) (0.26783332228660583, 0.2718966603279114, 0.25580665469169617) (1.0, 0.9999000000000001, 1.0)
19 (0.46720680594444275, 0.4712820053100586, 0.4440543055534363) (0.27081000804901123, 0.27290332317352295, 0.2577700614929199) (1.0, 1.0, 0.9999000000000001)
20 (0.46585187315940857, 0.47000938653945923, 0.445374071598053) (0.26901331543922424, 0.26962339878082275, 0.25659996271133423) (1.0, 1.0, 0.9999000000000001)
21 (0.46786877512931824, 0.4729382395744324, 0.44760528206825256) (0.27150335907936096, 0.27287328243255615, 0.25950998067855835) (1.0, 1.0, 1.0)
22 (0.4673057496547699, 0.47221100330352783, 0.4451903998851776) (0.27278661727905273, 0.27247002720832825, 0.2581233084201813) (1.0, 0.9997999999999999, 0.9998)
23 (0.4717385172843933, 0.4907482862472534, 0.4587603509426117) (0.27308329939842224, 0.28261664509773254, 0.2649765908718109) (1.0, 1.0, 1.0)
24 (0.46701812744140625, 0.47440746426582336, 0.4477619528770447) (0.27203330397605896, 0.2750833034515381, 0.26085662841796875) (1.0, 0.9998999999999999, 1.0)
25 (0.46467140316963196, 0.47212231159210205, 0.44409725069999695) (0.27173325419425964, 0.27419334650039673, 0.26033663749694824) (1.0, 1.0, 0.9999000000000001)
26 (0.46987396478652954, 0.47413894534111023, 0.4477981626987457) (0.27398329973220825, 0.275603324174881, 0.26057663559913635) (1.0, 1.0, 1.0)
27 (0.47010570764541626, 0.48163384199142456, 0.45097529888153076) (0.27456000447273254, 0.2795533239841461, 0.26265662908554077) (1.0, 1.0, 1.0)
28 (0.4706101715564728, 0.4858565032482147, 0.45166119933128357) (0.2748599350452423, 0.28098997473716736, 0.2631033658981323) (1.0, 1.0, 1.0)
29 (0.4618246555328369, 0.470139741897583, 0.44209080934524536) (0.2704167068004608, 0.273389995098114, 0.2583232820034027) (1.0, 1.0, 1.0)
30 (0.46420925855636597, 0.4696599245071411, 0.4432041049003601) (0.2708233594894409, 0.27335667610168457, 0.2594866454601288) (1.0, 1.0, 1.0)
31 (0.46425533294677734, 0.471210777759552, 0.4436764419078827) (0.270773321390152, 0.27476000785827637, 0.25891998410224915) (1.0, 1.0, 1.0)
32 (0.46550577878952026, 0.47293007373809814, 0.44517257809638977) (0.2697400152683258, 0.27404332160949707, 0.25877663493156433) (1.0, 1.0, 1.0)
33 (0.46430277824401855, 0.47341662645339966, 0.44539937376976013) (0.2720233201980591, 0.2745034098625183, 0.2605866491794586) (1.0, 1.0, 1.0)
34 (0.4648270905017853, 0.47342222929000854, 0.4469064772129059) (0.2714032828807831, 0.27554333209991455, 0.25978997349739075) (1.0, 1.0, 0.9998999999999999)
35 (0.46791359782218933, 0.47422146797180176, 0.4447392523288727) (0.2735632658004761, 0.2778366804122925, 0.26140663027763367) (1.0, 1.0, 1.0)
36 (0.46387866139411926, 0.4749695062637329, 0.44573086500167847) (0.27256667613983154, 0.2765999734401703, 0.2604467272758484) (1.0, 0.9998999999999999, 1.0)
37 (0.4645764231681824, 0.4725748300552368, 0.4429640471935272) (0.2714066803455353, 0.27590999007225037, 0.25923335552215576) (1.0, 1.0, 1.0)
38 (0.464184045791626, 0.4679505527019501, 0.44339215755462646) (0.27208662033081055, 0.2729566693305969, 0.2598666548728943) (1.0, 1.0, 1.0)
39 (0.4640299081802368, 0.46930992603302, 0.4414239525794983) (0.2715767025947571, 0.2734966278076172, 0.25849005579948425) (1.0, 0.9998999999999999, 1.0)
40 (0.4690990746021271, 0.48303914070129395, 0.4489802420139313) (0.27258333563804626, 0.27554669976234436, 0.26034998893737793) (1.0, 1.0, 1.0)
41 (0.46418389678001404, 0.4696509540081024, 0.44374024868011475) (0.2715233564376831, 0.2739933729171753, 0.25865668058395386) (1.0, 0.9999000000000001, 1.0)
42 (0.46377718448638916, 0.47107863426208496, 0.44493868947029114) (0.2702067494392395, 0.2745833396911621, 0.2596066892147064) (1.0, 1.0, 1.0)
43 (0.4668506979942322, 0.47146865725517273, 0.4436653256416321) (0.27235329151153564, 0.27422669529914856, 0.25928667187690735) (0.9997999999999999, 1.0, 0.9998999999999999)
44 (0.49724888801574707, 0.5161762833595276, 0.4845901131629944) (0.2862032949924469, 0.2928933799266815, 0.27651333808898926) (1.0, 1.0, 0.9998)
45 (0.4688105285167694, 0.47798269987106323, 0.4506714344024658) (0.27418336272239685, 0.278666615486145, 0.26397669315338135) (1.0, 1.0, 1.0)
46 (0.46536239981651306, 0.47325581312179565, 0.4457971155643463) (0.2732599675655365, 0.27446994185447693, 0.2601500153541565) (1.0, 1.0, 1.0)
47 (0.46736761927604675, 0.47470447421073914, 0.44595950841903687) (0.27306002378463745, 0.27697330713272095, 0.26066336035728455) (1.0, 1.0, 1.0)
48 (0.4636021554470062, 0.4693140387535095, 0.4437975585460663) (0.2725600004196167, 0.2744700312614441, 0.2596833109855652) (1.0, 1.0, 0.9997999999999999)
49 (0.46381571888923645, 0.4701734483242035, 0.4420912265777588) (0.27031996846199036, 0.27344998717308044, 0.2585332989692688) (0.9999000000000001, 1.0, 1.0)
50 (0.46419158577919006, 0.47263190150260925, 0.4465615153312683) (0.2706967294216156, 0.2757600247859955, 0.2604767084121704) (1.0, 1.0, 0.9999000000000001)
