1 (0.6109699606895447, 0.6151583790779114, 0.6054210066795349) (0.3571860194206238, 0.3600919842720032, 0.352757066488266) (1.0, 1.0, 1.0)
2 (0.6268638372421265, 0.636756956577301, 0.6262896060943604) (0.3753129839897156, 0.3840119540691376, 0.37525802850723267) (1.0, 1.0, 1.0)
3 (0.6932528018951416, 0.693305253982544, 0.693294882774353) (0.49898579716682434, 0.4994859993457794, 0.5001479983329773) (1.0, 1.0, 1.0)
4 (0.6933867931365967, 0.6934015154838562, 0.6933305263519287) (0.5003020167350769, 0.4989181160926819, 0.49884894490242004) (1.0, 1.0, 1.0)
5 (0.6931714415550232, 0.6933081150054932, 0.6931882500648499) (0.4980049133300781, 0.49806803464889526, 0.49717390537261963) (1.0, 1.0, 1.0)
6 (0.6933490037918091, 0.693737804889679, 0.6933939456939697) (0.4996759295463562, 0.5002949833869934, 0.4998569190502167) (1.0, 1.0, 1.0)
7 (0.6931933760643005, 0.6932433247566223, 0.693229079246521) (0.4990319013595581, 0.49928709864616394, 0.5004439949989319) (1.0, 1.0, 1.0)
8 (0.6926906108856201, 0.693067729473114, 0.6926548480987549) (0.49640801548957825, 0.49683690071105957, 0.4955199956893921) (1.0, 1.0, 1.0)
9 (0.6906446814537048, 0.6913146376609802, 0.6907277703285217) (0.49375805258750916, 0.49527397751808167, 0.49404701590538025) (1.0, 1.0, 1.0)
10 (0.6900177001953125, 0.6905001997947693, 0.6901950836181641) (0.49214494228363037, 0.4928179681301117, 0.49320802092552185) (1.0, 1.0, 1.0)
11 (0.6905376315116882, 0.691033124923706, 0.6907212138175964) (0.49292004108428955, 0.49391791224479675, 0.49393707513809204) (1.0, 1.0, 1.0)
12 (0.6881881952285767, 0.688372790813446, 0.6882269978523254) (0.49498704075813293, 0.4948389530181885, 0.49542397260665894) (1.0, 1.0, 1.0)
13 (0.686982274055481, 0.6870588064193726, 0.6869857907295227) (0.49451497197151184, 0.49461501836776733, 0.49511805176734924) (1.0, 1.0, 1.0)
14 (0.6874278783798218, 0.6875343918800354, 0.6874621510505676) (0.49497196078300476, 0.49529796838760376, 0.49471285939216614) (1.0, 1.0, 1.0)
15 (0.6872203350067139, 0.6872607469558716, 0.6872119903564453) (0.4956580102443695, 0.4943418800830841, 0.49561992287635803) (1.0, 1.0, 1.0)
16 (0.6873400807380676, 0.6874743700027466, 0.6874400973320007) (0.4945140480995178, 0.49472886323928833, 0.49438998103141785) (1.0, 1.0, 1.0)
17 (0.6942101120948792, 0.6947506666183472, 0.6942929625511169) (0.5002120137214661, 0.5003750324249268, 0.499460905790329) (1.0, 1.0, 1.0)
18 (0.6931847333908081, 0.6931887865066528, 0.6932024359703064) (0.5004428625106812, 0.5000519752502441, 0.501119077205658) (1.0, 1.0, 1.0)
19 (0.6932072639465332, 0.6931849718093872, 0.6931856274604797) (0.5005509853363037, 0.49959197640419006, 0.5006669759750366) (1.0, 1.0, 1.0)
20 (0.6932410597801208, 0.6932705640792847, 0.6932576894760132) (0.5000160336494446, 0.49960699677467346, 0.4998939037322998) (1.0, 1.0, 1.0)
21 (0.8174071311950684, 0.8151732087135315, 0.8202895522117615) (0.5003970265388489, 0.4992710053920746, 0.5008729696273804) (1.0, 1.0, 1.0)
22 (0.6932933926582336, 0.6932594776153564, 0.6932613849639893) (0.5001639127731323, 0.4987820088863373, 0.4997430145740509) (1.0, 1.0, 1.0)
23 (0.6932983994483948, 0.6932565569877625, 0.6933032870292664) (0.49969589710235596, 0.49871885776519775, 0.5000950694084167) (1.0, 1.0, 1.0)
24 (0.6933929324150085, 0.6934030652046204, 0.6934037208557129) (0.5000389814376831, 0.5001538991928101, 0.4992959499359131) (1.0, 1.0, 1.0)
25 (0.6947986483573914, 0.6951490044593811, 0.6948930621147156) (0.500342845916748, 0.5004140734672546, 0.5004149675369263) (1.0, 1.0, 1.0)
26 (0.693250834941864, 0.6933392286300659, 0.6932921409606934) (0.5004470348358154, 0.5005159378051758, 0.5000909566879272) (1.0, 1.0, 1.0)
27 (0.6932010650634766, 0.6932054758071899, 0.6932184100151062) (0.49956902861595154, 0.4992619454860687, 0.4995829463005066) (1.0, 1.0, 1.0)
28 (0.6931975483894348, 0.6932113170623779, 0.6932198405265808) (0.49961793422698975, 0.5000367760658264, 0.49998900294303894) (1.0, 1.0, 1.0)
29 (0.6942059993743896, 0.6942079067230225, 0.6941860914230347) (0.49969711899757385, 0.4999050199985504, 0.5000499486923218) (1.0, 1.0, 1.0)
30 (0.6932907104492188, 0.6932888627052307, 0.693298876285553) (0.5000259280204773, 0.5000190138816833, 0.5002840161323547) (1.0, 1.0, 1.0)
31 (0.6932029128074646, 0.6932318806648254, 0.6932147145271301) (0.49992504715919495, 0.5005128979682922, 0.5002650022506714) (1.0, 1.0, 1.0)
32 (0.6934623122215271, 0.6934771537780762, 0.6934716105461121) (0.5000239610671997, 0.4997140169143677, 0.5001770257949829) (1.0, 1.0, 1.0)
33 (0.6932179927825928, 0.6932215690612793, 0.693250834941864) (0.4997119605541229, 0.4995589554309845, 0.5007709860801697) (1.0, 1.0, 1.0)
34 (0.6933119297027588, 0.6933102607727051, 0.693340003490448) (0.4996510446071625, 0.4999420642852783, 0.5011000037193298) (1.0, 1.0, 1.0)
35 (0.693290650844574, 0.6932587623596191, 0.6932437419891357) (0.5009409785270691, 0.499919056892395, 0.49944499135017395) (1.0, 1.0, 1.0)
36 (0.6933722496032715, 0.6933257579803467, 0.6933631896972656) (0.4999708831310272, 0.499614953994751, 0.5004660487174988) (1.0, 1.0, 1.0)
37 (0.6933700442314148, 0.6933749914169312, 0.6933434009552002) (0.5005159974098206, 0.5003650784492493, 0.4999080002307892) (1.0, 1.0, 1.0)
38 (0.693278431892395, 0.6932610869407654, 0.6933718919754028) (0.49979811906814575, 0.49911195039749146, 0.5011428594589233) (1.0, 1.0, 1.0)
39 (0.6933271884918213, 0.6933444738388062, 0.6933149695396423) (0.49986404180526733, 0.49998703598976135, 0.4999310374259949) (1.0, 1.0, 1.0)
40 (0.6932553052902222, 0.6933048367500305, 0.6932930946350098) (0.4992819130420685, 0.5009421110153198, 0.5008581280708313) (1.0, 1.0, 1.0)
41 (0.6931986808776855, 0.693195641040802, 0.6931819319725037) (0.4997638761997223, 0.49950793385505676, 0.4992489218711853) (1.0, 1.0, 1.0)
42 (0.6933231949806213, 0.6933759450912476, 0.6933038830757141) (0.5002580285072327, 0.5011041164398193, 0.500044047832489) (1.0, 1.0, 1.0)
43 (0.6931697130203247, 0.6931926012039185, 0.693178117275238) (0.49943292140960693, 0.5007500052452087, 0.49971500039100647) (1.0, 1.0, 1.0)
44 (0.6933441758155823, 0.6933459639549255, 0.6933514475822449) (0.4998820126056671, 0.4997739791870117, 0.5003030896186829) (1.0, 1.0, 1.0)
45 (0.6932419538497925, 0.6932843923568726, 0.6932705640792847) (0.49965900182724, 0.5005709528923035, 0.5002840757369995) (1.0, 1.0, 1.0)
46 (0.6934409141540527, 0.6934171319007874, 0.6933939456939697) (0.5002340078353882, 0.5002220869064331, 0.4996459484100342) (1.0, 1.0, 1.0)
47 (0.6932475566864014, 0.6932330131530762, 0.6932388544082642) (0.5004528760910034, 0.5003809928894043, 0.5000559091567993) (1.0, 1.0, 1.0)
48 (0.6933014392852783, 0.6932920217514038, 0.6932901740074158) (0.5001229047775269, 0.499612957239151, 0.4993869662284851) (1.0, 1.0, 1.0)
49 (0.6933711767196655, 0.6933580636978149, 0.693336009979248) (0.5002729892730713, 0.5005861520767212, 0.5004500150680542) (1.0, 1.0, 1.0)
50 (0.6932479739189148, 0.6932424902915955, 0.6932302713394165) (0.4996410608291626, 0.4998689293861389, 0.4992080628871918) (1.0, 1.0, 1.0)
