1 (0.620832622051239, 0.6371808648109436, 0.6287804841995239) (0.3807400166988373, 0.39204996824264526, 0.3872999846935272) (1.0, 1.0, 1.0)
2 (0.5975438356399536, 0.6243739724159241, 0.606988251209259) (0.382019966840744, 0.39626002311706543, 0.3857100009918213) (1.0, 1.0, 1.0)
3 (0.5750997066497803, 0.6021770238876343, 0.585288405418396) (0.37971001863479614, 0.39601999521255493, 0.3860499858856201) (1.0, 1.0, 1.0)
4 (0.5729299783706665, 0.5986673831939697, 0.583537220954895) (0.38756000995635986, 0.4061500132083893, 0.39354997873306274) (1.0, 1.0, 1.0)
5 (0.5672551393508911, 0.5920443534851074, 0.5775562524795532) (0.385560005903244, 0.3997500240802765, 0.39344000816345215) (1.0, 1.0, 1.0)
6 (0.5667368769645691, 0.5916957855224609, 0.5768749713897705) (0.388590008020401, 0.40352997183799744, 0.39305001497268677) (1.0, 1.0, 1.0)
7 (0.5648502111434937, 0.5950446128845215, 0.5767263770103455) (0.38319000601768494, 0.39991000294685364, 0.3880699872970581) (1.0, 1.0, 1.0)
8 (0.5628628730773926, 0.5919589996337891, 0.5760921239852905) (0.37810999155044556, 0.3952000141143799, 0.38572996854782104) (1.0, 1.0, 1.0)
9 (0.558655858039856, 0.5885593295097351, 0.5704854726791382) (0.3729200065135956, 0.3880999684333801, 0.38040998578071594) (1.0, 1.0, 1.0)
10 (0.5554500818252563, 0.5922237038612366, 0.5745900869369507) (0.37077000737190247, 0.3928300142288208, 0.3801199793815613) (1.0, 1.0, 1.0)
