1 (0.6903775930404663, 0.6988421678543091, 0.6930028796195984) (0.42628997564315796, 0.4325900077819824, 0.42757996916770935) (1.0, 1.0, 1.0)
2 (0.6279516816139221, 0.6392409205436707, 0.6326125860214233) (0.35993000864982605, 0.37310999631881714, 0.36532002687454224) (1.0, 1.0, 1.0)
3 (0.6160607933998108, 0.6265397071838379, 0.6201586723327637) (0.34804999828338623, 0.3590199947357178, 0.3518899977207184) (1.0, 1.0, 1.0)
4 (0.6036465764045715, 0.6153813600540161, 0.6094030737876892) (0.3603000044822693, 0.3705799877643585, 0.36469998955726624) (1.0, 1.0, 1.0)
5 (0.5862324237823486, 0.6087104678153992, 0.5937931537628174) (0.37106001377105713, 0.3833400011062622, 0.3756600022315979) (1.0, 1.0, 1.0)
6 (0.574897289276123, 0.6020076870918274, 0.5851247906684875) (0.3751299977302551, 0.3919900059700012, 0.3810400068759918) (1.0, 1.0, 1.0)
7 (0.5668694376945496, 0.5955718755722046, 0.5798899531364441) (0.3658300042152405, 0.3881700038909912, 0.3754599988460541) (1.0, 1.0, 1.0)
8 (0.5669769644737244, 0.592674195766449, 0.5783008933067322) (0.37272995710372925, 0.3935500383377075, 0.38057002425193787) (1.0, 1.0, 1.0)
9 (0.5653836727142334, 0.5905362367630005, 0.5759721994400024) (0.3744699954986572, 0.39263004064559937, 0.3811100125312805) (1.0, 1.0, 1.0)
10 (0.5642591714859009, 0.5913683176040649, 0.5756521224975586) (0.372329980134964, 0.3901199996471405, 0.3812100291252136) (1.0, 1.0, 1.0)
