1 (0.6054003834724426, 0.6250780820846558, 0.613133430480957) (0.351220041513443, 0.36781996488571167, 0.35882002115249634) (1.0, 1.0, 1.0)
2 (0.5876272916793823, 0.612741231918335, 0.5981835126876831) (0.37112000584602356, 0.38211995363235474, 0.3755200207233429) (1.0, 1.0, 1.0)
3 (0.5525484681129456, 0.5887941122055054, 0.5707337856292725) (0.34836000204086304, 0.37568002939224243, 0.36177998781204224) (1.0, 1.0, 1.0)
4 (0.5423382520675659, 0.5891879796981812, 0.5664166212081909) (0.35242000222206116, 0.3790999948978424, 0.3623599708080292) (1.0, 1.0, 1.0)
5 (0.5111931562423706, 0.5643652677536011, 0.5404539704322815) (0.32976001501083374, 0.3641800284385681, 0.34873998165130615) (1.0, 1.0, 1.0)
6 (0.5140708684921265, 0.551941454410553, 0.5344738364219666) (0.3427199721336365, 0.36701998114585876, 0.35354000329971313) (1.0, 1.0, 1.0)
7 (0.517509400844574, 0.5633009076118469, 0.5394484400749207) (0.3412000238895416, 0.3709999918937683, 0.35621997714042664) (1.0, 1.0, 1.0)
8 (0.5128123164176941, 0.5506491661071777, 0.5325822234153748) (0.3396199941635132, 0.36184003949165344, 0.3513000011444092) (1.0, 1.0, 1.0)
9 (0.5073665976524353, 0.5533303022384644, 0.5297819375991821) (0.3403000235557556, 0.3694400191307068, 0.3558200001716614) (1.0, 1.0, 1.0)
10 (0.5076251029968262, 0.5573632121086121, 0.5354959964752197) (0.33639997243881226, 0.36229997873306274, 0.35061997175216675) (1.0, 1.0, 1.0)
