1 (0.5917040705680847, 0.6223326921463013, 0.6102138757705688) (0.34779998660087585, 0.36890000104904175, 0.3599333167076111) (1.0, 1.0, 1.0)
2 (0.5327867269515991, 0.5740790367126465, 0.5556730031967163) (0.3310000002384186, 0.35733336210250854, 0.3444666266441345) (1.0, 1.0, 1.0)
3 (0.5172685384750366, 0.5621402859687805, 0.5439685583114624) (0.33266666531562805, 0.3582666516304016, 0.3431999981403351) (1.0, 1.0, 1.0)
4 (0.51963871717453, 0.5633304119110107, 0.548259437084198) (0.3418000042438507, 0.3640666604042053, 0.3546333312988281) (1.0, 1.0, 1.0)
5 (0.5149911046028137, 0.5551865100860596, 0.5363973379135132) (0.33506670594215393, 0.35803335905075073, 0.3517666459083557) (1.0, 1.0, 1.0)
6 (0.5104180574417114, 0.5541507005691528, 0.5387750864028931) (0.34416666626930237, 0.366433322429657, 0.3625333607196808) (1.0, 1.0, 1.0)
7 (0.5067464113235474, 0.550284743309021, 0.5363278388977051) (0.33846667408943176, 0.3603000044822693, 0.35493332147598267) (1.0, 1.0, 1.0)
8 (0.5064631104469299, 0.5458782911300659, 0.531512975692749) (0.33953332901000977, 0.35526663064956665, 0.3510666787624359) (1.0, 1.0, 1.0)
9 (0.5062286257743835, 0.5491624474525452, 0.5329020023345947) (0.33970004320144653, 0.3599333167076111, 0.35349997878074646) (1.0, 1.0, 1.0)
10 (0.5052918195724487, 0.5467718839645386, 0.5331932902336121) (0.34689998626708984, 0.3612000346183777, 0.35386666655540466) (1.0, 1.0, 1.0)
