1 (0.6363503336906433, 0.6519665718078613, 0.6430636644363403) (0.3890799880027771, 0.4028800129890442, 0.3968200087547302) (1.0, 1.0, 1.0)
2 (0.6097050905227661, 0.6259015798568726, 0.6156954765319824) (0.3870199918746948, 0.399619996547699, 0.3906400203704834) (1.0, 1.0, 1.0)
3 (0.5747548341751099, 0.5997783541679382, 0.5853975415229797) (0.3983599543571472, 0.41095995903015137, 0.4079199731349945) (1.0, 1.0, 1.0)
4 (0.5724395513534546, 0.5952365398406982, 0.5803476572036743) (0.39851999282836914, 0.41189998388290405, 0.4045199751853943) (1.0, 1.0, 1.0)
5 (0.5703867673873901, 0.5924878716468811, 0.579342246055603) (0.3988000154495239, 0.4107399880886078, 0.40300002694129944) (1.0, 1.0, 1.0)
6 (0.5695402026176453, 0.5900855660438538, 0.5777862668037415) (0.3987199664115906, 0.41029995679855347, 0.40466004610061646) (1.0, 1.0, 1.0)
7 (0.5708567500114441, 0.5936927795410156, 0.5789536237716675) (0.40417999029159546, 0.41133999824523926, 0.4082399904727936) (1.0, 1.0, 1.0)
8 (0.5690771341323853, 0.590965211391449, 0.5768636465072632) (0.4043400287628174, 0.41381996870040894, 0.409140020608902) (1.0, 1.0, 1.0)
9 (0.5706895589828491, 0.5913097262382507, 0.5789731740951538) (0.40741997957229614, 0.41339999437332153, 0.40790003538131714) (1.0, 1.0, 1.0)
10 (0.5700315237045288, 0.5908783078193665, 0.578148365020752) (0.40563997626304626, 0.4171999990940094, 0.40967997908592224) (1.0, 1.0, 1.0)
