1 (0.6810594201087952, 0.6914997696876526, 0.6829516887664795) (0.4494166672229767, 0.4766499996185303, 0.4504133462905884) (1.0, 1.0, 1.0)
2 (0.6839030385017395, 0.6919811367988586, 0.6826283931732178) (0.45338329672813416, 0.4792400002479553, 0.45249998569488525) (1.0, 1.0, 1.0)
3 (0.6791518926620483, 0.6921530365943909, 0.6842533349990845) (0.44537997245788574, 0.47969338297843933, 0.45326998829841614) (1.0, 1.0, 1.0)
4 (0.6792228817939758, 0.6915185451507568, 0.6832435131072998) (0.4435766637325287, 0.47961676120758057, 0.44943341612815857) (1.0, 1.0, 1.0)
5 (0.6813585162162781, 0.6912034749984741, 0.6831259727478027) (0.45129334926605225, 0.47606322169303894, 0.4520533084869385) (1.0, 1.0, 1.0)
6 (0.693377673625946, 0.6933252811431885, 0.6933359503746033) (0.5013067126274109, 0.5013067126274109, 0.5013067126274109) (1.0, 1.0, 1.0)
7 (0.6932230591773987, 0.693215548992157, 0.6932194232940674) (0.49914661049842834, 0.4991466999053955, 0.4991733431816101) (1.0, 1.0, 1.0)
8 (0.6934090256690979, 0.6933887004852295, 0.693392813205719) (0.5003166198730469, 0.5002866387367249, 0.5003132820129395) (1.0, 1.0, 1.0)
9 (0.6931489706039429, 0.6931430101394653, 0.6931459903717041) (0.49964675307273865, 0.49964675307273865, 0.49964675307273865) (1.0, 1.0, 1.0)
10 (0.6933427453041077, 0.6933313012123108, 0.6933332085609436) (0.5001699328422546, 0.5001699328422546, 0.5001699328422546) (1.0, 1.0, 1.0)
11 (0.6931883096694946, 0.6931869983673096, 0.6931878924369812) (0.4993133544921875, 0.4993133544921875, 0.4993133544921875) (1.0, 1.0, 1.0)
12 (0.6932604908943176, 0.6932588219642639, 0.6932582855224609) (0.5000000596046448, 0.5000000596046448, 0.5000000596046448) (1.0, 1.0, 1.0)
13 (0.6931824684143066, 0.6931825280189514, 0.6931824684143066) (0.500896692276001, 0.500896692276001, 0.500896692276001) (1.0, 1.0, 1.0)
14 (0.6935881972312927, 0.6935886144638062, 0.6935880780220032) (0.4994167387485504, 0.4994167387485504, 0.4994167387485504) (1.0, 1.0, 1.0)
15 (0.6931746006011963, 0.693174421787262, 0.6931746006011963) (0.4998365640640259, 0.4998365640640259, 0.4998365640640259) (1.0, 1.0, 1.0)
16 (0.6932711005210876, 0.6932708024978638, 0.693271279335022) (0.5000234246253967, 0.5000234246253967, 0.5000234246253967) (1.0, 1.0, 1.0)
17 (0.6932914853096008, 0.6932915449142456, 0.6932915449142456) (0.5005565881729126, 0.5005565881729126, 0.5005565881729126) (1.0, 1.0, 1.0)
18 (0.6931689381599426, 0.6931689977645874, 0.6931689381599426) (0.5001533627510071, 0.5001533627510071, 0.5001533627510071) (1.0, 1.0, 1.0)
19 (0.6933045387268066, 0.6933045387268066, 0.6933045387268066) (0.5009166598320007, 0.5009166598320007, 0.5009166598320007) (1.0, 1.0, 1.0)
20 (0.6933698058128357, 0.6933696866035461, 0.6933697462081909) (0.5006899833679199, 0.5006899833679199, 0.5006899833679199) (1.0, 1.0, 1.0)
