1 (0.6180921792984009, 0.6216750144958496, 0.6144284605979919) (0.35273414850234985, 0.355866014957428, 0.34884804487228394) (1.0, 1.0, 1.0)
2 (0.6002452969551086, 0.6031802892684937, 0.5947661995887756) (0.3520519733428955, 0.35431209206581116, 0.34949013590812683) (1.0, 1.0, 1.0)
3 (0.5803024172782898, 0.5843649506568909, 0.5711004137992859) (0.3559381067752838, 0.35854199528694153, 0.3498780131340027) (1.0, 1.0, 1.0)
4 (0.5565457344055176, 0.5612561702728271, 0.5412248969078064) (0.34373393654823303, 0.3450740575790405, 0.33109796047210693) (1.0, 1.0, 1.0)
5 (0.5478308200836182, 0.5526683926582336, 0.5318218469619751) (0.33843794465065, 0.34184399247169495, 0.3251259922981262) (1.0, 1.0, 1.0)
6 (0.549787163734436, 0.5569036602973938, 0.5338676571846008) (0.33867600560188293, 0.3437519967556, 0.329397976398468) (1.0, 1.0, 1.0)
7 (0.5442073941230774, 0.5498716235160828, 0.5264471769332886) (0.3356519937515259, 0.33923202753067017, 0.3224619925022125) (1.0, 1.0, 1.0)
8 (0.5426850318908691, 0.5480051636695862, 0.5252233743667603) (0.336201936006546, 0.34010598063468933, 0.3226819634437561) (1.0, 1.0, 1.0)
9 (0.5430834293365479, 0.5490748882293701, 0.5258482098579407) (0.33677205443382263, 0.34051597118377686, 0.3246799111366272) (1.0, 1.0, 1.0)
10 (0.5390281081199646, 0.5454524755477905, 0.5204204320907593) (0.3336060047149658, 0.33799800276756287, 0.3204220235347748) (1.0, 1.0, 1.0)
11 (0.5422415137290955, 0.5497990250587463, 0.5234807729721069) (0.33445796370506287, 0.33977198600769043, 0.32165199518203735) (1.0, 1.0, 1.0)
12 (0.5426086187362671, 0.5497245788574219, 0.5228275060653687) (0.3366619944572449, 0.3401399850845337, 0.3237479031085968) (1.0, 1.0, 1.0)
13 (0.5384793877601624, 0.5412425994873047, 0.5186166167259216) (0.33346202969551086, 0.3348020613193512, 0.31819599866867065) (1.0, 1.0, 1.0)
14 (0.540614128112793, 0.5484384894371033, 0.5228407979011536) (0.3336019217967987, 0.3391179144382477, 0.3215140104293823) (1.0, 1.0, 1.0)
15 (0.5448222160339355, 0.566054105758667, 0.5286923050880432) (0.33603596687316895, 0.34547004103660583, 0.325035959482193) (1.0, 1.0, 1.0)
16 (0.5461170673370361, 0.5545496344566345, 0.5291880965232849) (0.3440000116825104, 0.3490779995918274, 0.33358001708984375) (1.0, 1.0, 1.0)
17 (0.5422261953353882, 0.5581492185592651, 0.5260586142539978) (0.33790192008018494, 0.3478560745716095, 0.32648199796676636) (1.0, 1.0, 1.0)
18 (0.539181113243103, 0.5441281795501709, 0.5218271017074585) (0.3369380235671997, 0.3394659459590912, 0.3251219093799591) (1.0, 1.0, 1.0)
19 (0.5349009037017822, 0.540627121925354, 0.5171607732772827) (0.3342920243740082, 0.337240070104599, 0.32398396730422974) (1.0, 1.0, 1.0)
20 (0.5374390482902527, 0.5401144623756409, 0.517034113407135) (0.3361279368400574, 0.3362438976764679, 0.32285401225090027) (1.0, 1.0, 1.0)
21 (0.5372134447097778, 0.5488766431808472, 0.5205833911895752) (0.3383919894695282, 0.34512197971343994, 0.327473908662796) (1.0, 1.0, 1.0)
22 (0.533498227596283, 0.5394229292869568, 0.5129997730255127) (0.33835795521736145, 0.3416820466518402, 0.3256518840789795) (1.0, 1.0, 1.0)
23 (0.533888578414917, 0.5393651127815247, 0.5135573744773865) (0.3361479640007019, 0.3395339250564575, 0.3251599967479706) (1.0, 1.0, 1.0)
24 (0.5358304977416992, 0.5443204045295715, 0.5160223245620728) (0.33805203437805176, 0.3434680700302124, 0.3278559744358063) (1.0, 1.0, 1.0)
25 (0.5314075946807861, 0.5364692211151123, 0.5108801126480103) (0.336159884929657, 0.33919596672058105, 0.32373401522636414) (1.0, 1.0, 1.0)
26 (0.5313897728919983, 0.5366202592849731, 0.5110147595405579) (0.3364039957523346, 0.3391719460487366, 0.3246200680732727) (1.0, 1.0, 1.0)
27 (0.5316168069839478, 0.5355913043022156, 0.5117140412330627) (0.3384019732475281, 0.3383919894695282, 0.3257720172405243) (1.0, 1.0, 1.0)
28 (0.5325057506561279, 0.5363678932189941, 0.5121228098869324) (0.33994805812835693, 0.3416540026664734, 0.32706791162490845) (1.0, 1.0, 1.0)
29 (0.5345420241355896, 0.5381772518157959, 0.5141174793243408) (0.34096595644950867, 0.34245404601097107, 0.32921597361564636) (1.0, 1.0, 1.0)
30 (0.5369580984115601, 0.5420323014259338, 0.5186904668807983) (0.3441319763660431, 0.345443993806839, 0.3316359221935272) (1.0, 1.0, 1.0)
31 (0.5321300029754639, 0.5356492400169373, 0.5110188722610474) (0.34106799960136414, 0.34233203530311584, 0.3271580636501312) (1.0, 1.0, 1.0)
32 (0.5339402556419373, 0.5432945489883423, 0.515748918056488) (0.3414979875087738, 0.3471779227256775, 0.3301440477371216) (1.0, 1.0, 1.0)
33 (0.5369981527328491, 0.5528491735458374, 0.5219601988792419) (0.34451401233673096, 0.35510799288749695, 0.3362340033054352) (1.0, 1.0, 1.0)
34 (0.533104658126831, 0.5376093983650208, 0.5132347345352173) (0.34325993061065674, 0.34530800580978394, 0.3295319676399231) (1.0, 1.0, 1.0)
35 (0.532248318195343, 0.5357071161270142, 0.5113693475723267) (0.34339001774787903, 0.3449820578098297, 0.331745982170105) (1.0, 1.0, 1.0)
36 (0.5312275886535645, 0.5431953072547913, 0.5142032504081726) (0.34225600957870483, 0.34794601798057556, 0.3319719731807709) (1.0, 1.0, 1.0)
37 (0.5317572951316833, 0.5437191128730774, 0.5143493413925171) (0.3431919813156128, 0.34942203760147095, 0.3312159776687622) (1.0, 1.0, 1.0)
38 (0.534349799156189, 0.5470954775810242, 0.5172489285469055) (0.3438799977302551, 0.35003209114074707, 0.3339959681034088) (1.0, 1.0, 1.0)
39 (0.5322421193122864, 0.5441083908081055, 0.5152477025985718) (0.34392398595809937, 0.3506939709186554, 0.3334300220012665) (1.0, 1.0, 1.0)
40 (0.5320446491241455, 0.5416474342346191, 0.513380765914917) (0.3438219130039215, 0.34861207008361816, 0.3319699764251709) (1.0, 1.0, 1.0)
41 (0.5323914885520935, 0.5402483344078064, 0.5124664902687073) (0.34331604838371277, 0.34695595502853394, 0.3322400748729706) (1.0, 1.0, 1.0)
42 (0.5348617434501648, 0.5426571369171143, 0.5164231657981873) (0.3448340892791748, 0.34845802187919617, 0.3337000012397766) (1.0, 1.0, 1.0)
43 (0.5308315753936768, 0.5366149544715881, 0.5111565589904785) (0.34318801760673523, 0.3454119861125946, 0.3323359191417694) (1.0, 1.0, 1.0)
44 (0.5325019359588623, 0.5346798300743103, 0.5112205743789673) (0.3443939685821533, 0.34463199973106384, 0.33048197627067566) (1.0, 1.0, 1.0)
45 (0.5327636003494263, 0.5371482372283936, 0.5115299820899963) (0.3453439474105835, 0.3463839590549469, 0.33191394805908203) (1.0, 1.0, 1.0)
46 (0.5310165882110596, 0.5348512530326843, 0.5104822516441345) (0.34262001514434814, 0.3436580002307892, 0.3310718834400177) (1.0, 1.0, 1.0)
47 (0.5344351530075073, 0.5389416217803955, 0.5127485990524292) (0.3436479866504669, 0.34766995906829834, 0.3320859968662262) (1.0, 1.0, 1.0)
48 (0.5302444696426392, 0.538731575012207, 0.5114148259162903) (0.34221401810646057, 0.3458240032196045, 0.3301440179347992) (1.0, 1.0, 1.0)
49 (0.5374071598052979, 0.5619128942489624, 0.5287585854530334) (0.34411394596099854, 0.35865798592567444, 0.33910802006721497) (1.0, 1.0, 1.0)
50 (0.5348118543624878, 0.542080819606781, 0.5163537859916687) (0.34428802132606506, 0.3489800989627838, 0.33377406001091003) (1.0, 1.0, 1.0)
