1 (0.6932873725891113, 0.6932852864265442, 0.6932870745658875) (0.49962401390075684, 0.4996280372142792, 0.4996359944343567) (1.0, 1.0, 1.0)
2 (0.6932603716850281, 0.6932602524757385, 0.6932603716850281) (0.498708039522171, 0.49869605898857117, 0.4986879825592041) (1.0, 1.0, 1.0)
3 (0.6935892701148987, 0.6935886144638062, 0.6935887932777405) (0.500960111618042, 0.5008519887924194, 0.5009399056434631) (1.0, 1.0, 1.0)
4 (0.6931924223899841, 0.6931923627853394, 0.6931924223899841) (0.49835205078125, 0.49835205078125, 0.49835205078125) (1.0, 1.0, 1.0)
5 (0.6937223672866821, 0.6937223076820374, 0.6937220096588135) (0.4992559850215912, 0.4992559850215912, 0.4992559850215912) (1.0, 1.0, 1.0)
6 (0.6934953927993774, 0.6934952735900879, 0.6934950947761536) (0.49904799461364746, 0.49904799461364746, 0.49904799461364746) (1.0, 1.0, 1.0)
7 (0.693275511264801, 0.6932753920555115, 0.6932754516601562) (0.5010321140289307, 0.5010321140289307, 0.5010321140289307) (1.0, 1.0, 1.0)
8 (0.6933062076568604, 0.693306028842926, 0.6933059692382812) (0.49907204508781433, 0.49907204508781433, 0.49907204508781433) (1.0, 1.0, 1.0)
9 (0.6932708621025085, 0.6932708621025085, 0.6932708621025085) (0.4991759955883026, 0.4991759955883026, 0.4991759955883026) (1.0, 1.0, 1.0)
10 (0.6950012445449829, 0.6950012445449829, 0.6950012445449829) (0.4991760551929474, 0.4991760551929474, 0.4991760551929474) (1.0, 1.0, 1.0)
11 (0.6937174797058105, 0.6937174797058105, 0.6937174797058105) (0.4991599917411804, 0.4991599917411804, 0.4991599917411804) (1.0, 1.0, 1.0)
12 (0.6934025287628174, 0.6934025287628174, 0.6934026479721069) (0.5012920498847961, 0.5012920498847961, 0.5012920498847961) (1.0, 1.0, 1.0)
13 (0.6933152079582214, 0.6933152079582214, 0.6933152079582214) (0.5003440380096436, 0.5003440380096436, 0.5003440380096436) (1.0, 1.0, 1.0)
14 (0.6934351325035095, 0.6934351325035095, 0.6934351325035095) (0.5026760101318359, 0.5026760101318359, 0.5026760101318359) (1.0, 1.0, 1.0)
15 (0.6933503746986389, 0.6933503746986389, 0.6933503746986389) (0.5011999607086182, 0.5011999607086182, 0.5011999607086182) (1.0, 1.0, 1.0)
16 (0.6939954161643982, 0.6939952373504639, 0.6939953565597534) (0.49882400035858154, 0.49882400035858154, 0.49882400035858154) (1.0, 1.0, 1.0)
17 (0.693759560585022, 0.6937593221664429, 0.6937593221664429) (0.5004160404205322, 0.5004160404205322, 0.5004160404205322) (1.0, 1.0, 1.0)
18 (0.6932901740074158, 0.6932902336120605, 0.6932901740074158) (0.5013279318809509, 0.5013279318809509, 0.5013279318809509) (1.0, 1.0, 1.0)
19 (0.6932051181793213, 0.6932051181793213, 0.6932051181793213) (0.49962401390075684, 0.49962401390075684, 0.49962401390075684) (1.0, 1.0, 1.0)
20 (0.6942722201347351, 0.6942722201347351, 0.6942722797393799) (0.49953997135162354, 0.49953997135162354, 0.49953997135162354) (1.0, 1.0, 1.0)
