1 (0.6895495057106018, 0.6933946013450623, 0.6920111179351807) (0.4743865728378296, 0.4960933029651642, 0.4876067638397217) (1.0, 1.0, 1.0)
2 (0.6837499737739563, 0.693152904510498, 0.6882554888725281) (0.44617336988449097, 0.48670661449432373, 0.4612199366092682) (1.0, 1.0, 1.0)
3 (0.6866142153739929, 0.6931512355804443, 0.687056303024292) (0.44940662384033203, 0.48179328441619873, 0.4562000632286072) (1.0, 1.0, 1.0)
4 (0.6869879961013794, 0.6930963397026062, 0.6890105605125427) (0.46055328845977783, 0.48844006657600403, 0.46631336212158203) (1.0, 1.0, 1.0)
5 (0.6872503757476807, 0.6923853158950806, 0.6881417632102966) (0.4541133940219879, 0.48765337467193604, 0.461279958486557) (1.0, 1.0, 1.0)
6 (0.6902449727058411, 0.6936346292495728, 0.6880368590354919) (0.4588133990764618, 0.49063995480537415, 0.46223998069763184) (1.0, 1.0, 1.0)
7 (0.6853901743888855, 0.6932138204574585, 0.6885434985160828) (0.4498133957386017, 0.48653334379196167, 0.4591732919216156) (1.0, 1.0, 1.0)
8 (0.6848052144050598, 0.6926952600479126, 0.6877667307853699) (0.4474400579929352, 0.4863600432872772, 0.4609399735927582) (1.0, 1.0, 1.0)
9 (0.6888989210128784, 0.6927366852760315, 0.6871446371078491) (0.4573332965373993, 0.4827266037464142, 0.45864006876945496) (1.0, 1.0, 1.0)
10 (0.68849778175354, 0.6925883293151855, 0.6878564953804016) (0.4661666452884674, 0.4857732653617859, 0.4594334065914154) (1.0, 1.0, 1.0)
11 (0.6891803741455078, 0.6928437948226929, 0.687609851360321) (0.46052658557891846, 0.48545998334884644, 0.4610133767127991) (1.0, 1.0, 1.0)
12 (0.687400758266449, 0.692386269569397, 0.6881928443908691) (0.46623995900154114, 0.4846932590007782, 0.45907336473464966) (1.0, 1.0, 1.0)
13 (0.6855449080467224, 0.6926696300506592, 0.6876516938209534) (0.450560063123703, 0.4882599711418152, 0.45710667967796326) (1.0, 1.0, 1.0)
14 (0.6910247802734375, 0.693025529384613, 0.6887855529785156) (0.48959335684776306, 0.4923199713230133, 0.4734666049480438) (1.0, 1.0, 1.0)
15 (0.688477635383606, 0.6926214694976807, 0.6873571872711182) (0.45972001552581787, 0.4856533110141754, 0.4583866596221924) (1.0, 1.0, 1.0)
16 (0.6850412487983704, 0.6930493116378784, 0.6874579787254333) (0.4517066478729248, 0.48603999614715576, 0.4564131796360016) (1.0, 1.0, 1.0)
17 (0.6847915053367615, 0.6928845047950745, 0.6871907114982605) (0.4519733488559723, 0.48273342847824097, 0.4552333354949951) (1.0, 1.0, 1.0)
18 (0.6891098022460938, 0.6933902502059937, 0.6878620386123657) (0.4592067003250122, 0.48875996470451355, 0.46272003650665283) (1.0, 1.0, 1.0)
19 (0.6869468092918396, 0.6925906538963318, 0.6877389550209045) (0.4573866128921509, 0.48652008175849915, 0.46178004145622253) (1.0, 1.0, 1.0)
20 (0.688798725605011, 0.6934108734130859, 0.6884158253669739) (0.45675328373908997, 0.48355332016944885, 0.4601599872112274) (1.0, 1.0, 1.0)
