1 (0.6539843082427979, 0.6672717928886414, 0.6582435369491577) (0.41697144508361816, 0.4326571524143219, 0.42188572883605957) (1.0, 1.0, 1.0)
2 (0.6185818910598755, 0.6318672895431519, 0.6209713816642761) (0.3959428668022156, 0.40315714478492737, 0.3968571722507477) (1.0, 1.0, 1.0)
3 (0.6241332292556763, 0.6385347247123718, 0.6287955045700073) (0.4130856990814209, 0.42565712332725525, 0.42085713148117065) (1.0, 1.0, 1.0)
4 (0.561686635017395, 0.5991870164871216, 0.573695182800293) (0.38210004568099976, 0.4050714075565338, 0.3903856873512268) (1.0, 1.0, 1.0)
5 (0.5528153777122498, 0.588247537612915, 0.5645977258682251) (0.37697142362594604, 0.4002857208251953, 0.3822857439517975) (1.0, 1.0, 1.0)
6 (0.5487329363822937, 0.5822283625602722, 0.5595644116401672) (0.37711429595947266, 0.39711427688598633, 0.38204285502433777) (1.0, 1.0, 1.0)
7 (0.5447803735733032, 0.5841818451881409, 0.5575276017189026) (0.36802855134010315, 0.3930142819881439, 0.375642865896225) (1.0, 1.0, 1.0)
8 (0.5459054708480835, 0.5797582864761353, 0.5582801103591919) (0.37541431188583374, 0.3946285843849182, 0.38245710730552673) (1.0, 1.0, 1.0)
9 (0.5483738780021667, 0.5821405053138733, 0.5566633939743042) (0.37618571519851685, 0.39392855763435364, 0.38022857904434204) (1.0, 1.0, 1.0)
10 (0.545646607875824, 0.5815095901489258, 0.5579710006713867) (0.37384283542633057, 0.3927857279777527, 0.3781428635120392) (1.0, 1.0, 1.0)
