1 (0.6932721734046936, 0.6932858824729919, 0.6932823061943054) (0.4995170831680298, 0.499297171831131, 0.49941420555114746) (1.0, 1.0, 1.0)
2 (0.6935586333274841, 0.6936230659484863, 0.6935953497886658) (0.499642938375473, 0.49994274973869324, 0.4998999536037445) (1.0, 1.0, 1.0)
3 (0.6931835412979126, 0.6931876540184021, 0.693185567855835) (0.49968284368515015, 0.4997085630893707, 0.4996742606163025) (1.0, 1.0, 1.0)
4 (0.6934660077095032, 0.6938563585281372, 0.6937719583511353) (0.49799424409866333, 0.49907711148262024, 0.4987599849700928) (1.0, 1.0, 1.0)
5 (0.6934902667999268, 0.6935527920722961, 0.6935122609138489) (0.49884289503097534, 0.4992884695529938, 0.497842937707901) (1.0, 1.0, 1.0)
6 (0.693732500076294, 0.6937324404716492, 0.6937323212623596) (0.5001285672187805, 0.5001285672187805, 0.5001285672187805) (1.0, 1.0, 1.0)
7 (0.6932557821273804, 0.6932559013366699, 0.6932559013366699) (0.500308632850647, 0.500308632850647, 0.500308632850647) (1.0, 1.0, 1.0)
8 (0.6933956742286682, 0.6933956742286682, 0.6933956742286682) (0.4997686445713043, 0.4997686445713043, 0.4997686445713043) (1.0, 1.0, 1.0)
9 (0.6940534114837646, 0.6940534114837646, 0.6940534114837646) (0.5002257227897644, 0.5002257227897644, 0.5002257227897644) (1.0, 1.0, 1.0)
10 (0.6934841275215149, 0.6934841275215149, 0.6934841871261597) (0.5012714862823486, 0.5012714862823486, 0.5012714862823486) (1.0, 1.0, 1.0)
11 (0.6932661533355713, 0.6932661533355713, 0.6932661533355713) (0.5016456842422485, 0.5016456842422485, 0.5016456842422485) (1.0, 1.0, 1.0)
12 (0.6933014392852783, 0.6933014392852783, 0.6933013796806335) (0.4990828335285187, 0.4990828335285187, 0.4990828335285187) (1.0, 1.0, 1.0)
13 (0.6935542225837708, 0.6935542225837708, 0.6935542225837708) (0.4999999701976776, 0.4999999701976776, 0.4999999701976776) (1.0, 1.0, 1.0)
14 (0.6932956576347351, 0.6932957172393799, 0.6932956576347351) (0.499437153339386, 0.499437153339386, 0.499437153339386) (1.0, 1.0, 1.0)
15 (0.6933946013450623, 0.6933946013450623, 0.6933946013450623) (0.49920859932899475, 0.49920859932899475, 0.49920859932899475) (1.0, 1.0, 1.0)
16 (0.6934692859649658, 0.6934692859649658, 0.6934692859649658) (0.5021942853927612, 0.5021942853927612, 0.5021942853927612) (1.0, 1.0, 1.0)
17 (0.6935219764709473, 0.693522036075592, 0.693522036075592) (0.4995313882827759, 0.4995313882827759, 0.4995313882827759) (1.0, 1.0, 1.0)
18 (0.6934928894042969, 0.6934928894042969, 0.6934928894042969) (0.49971717596054077, 0.49971717596054077, 0.49971717596054077) (1.0, 1.0, 1.0)
19 (0.6932559013366699, 0.6932559013366699, 0.6932559013366699) (0.49954578280448914, 0.49954578280448914, 0.49954578280448914) (1.0, 1.0, 1.0)
20 (0.6933427453041077, 0.6933427453041077, 0.6933427453041077) (0.4994600713253021, 0.49946293234825134, 0.4994600713253021) (1.0, 1.0, 1.0)
