1 (0.6874760389328003, 0.6985635757446289, 0.6901178359985352) (0.4254857003688812, 0.43168574571609497, 0.42652854323387146) (1.0, 1.0, 1.0)
2 (0.6385713219642639, 0.649837851524353, 0.6410417556762695) (0.3799857497215271, 0.39075714349746704, 0.3839857280254364) (1.0, 1.0, 1.0)
3 (0.6387966275215149, 0.6468135118484497, 0.641247034072876) (0.39328572154045105, 0.40137141942977905, 0.3944714665412903) (1.0, 1.0, 1.0)
4 (0.6298114657402039, 0.6384912133216858, 0.6313509345054626) (0.39750000834465027, 0.4039999842643738, 0.39972856640815735) (1.0, 1.0, 1.0)
5 (0.6187125444412231, 0.6309310793876648, 0.620660126209259) (0.4107857346534729, 0.4137285649776459, 0.4121571481227875) (1.0, 1.0, 1.0)
6 (0.6023359298706055, 0.6214653849601746, 0.6067506670951843) (0.39665713906288147, 0.41365712881088257, 0.40209999680519104) (1.0, 1.0, 1.0)
7 (0.5951508283615112, 0.6201645135879517, 0.6011444330215454) (0.3979857563972473, 0.4189428687095642, 0.4027571678161621) (1.0, 1.0, 1.0)
8 (0.5937878489494324, 0.6158363223075867, 0.5987622141838074) (0.4016714096069336, 0.42004284262657166, 0.4081999659538269) (1.0, 1.0, 1.0)
9 (0.5938783884048462, 0.6158103346824646, 0.5983315706253052) (0.40365713834762573, 0.4190428853034973, 0.40792855620384216) (1.0, 1.0, 1.0)
10 (0.593178391456604, 0.616811215877533, 0.5997625589370728) (0.4138713777065277, 0.424671471118927, 0.41448575258255005) (1.0, 1.0, 1.0)
