1 (0.6933409571647644, 0.693368136882782, 0.6933633685112) (0.4999666666666666, 0.4999666666666666, 0.4999666666666666) (1.0, 1.0, 1.0)
2 (0.6931713819503784, 0.693173348903656, 0.6931718587875366) (0.5006666666666667, 0.5006666666666667, 0.5006666666666667) (1.0, 1.0, 1.0)
3 (0.6932076811790466, 0.6932388544082642, 0.693229615688324) (0.4985666666666667, 0.4985666666666667, 0.4985666666666667) (1.0, 1.0, 1.0)
4 (0.6932634115219116, 0.6933158040046692, 0.6933084726333618) (0.5016, 0.5016, 0.5016) (1.0, 1.0, 1.0)
5 (0.6933701634407043, 0.6933714747428894, 0.693372368812561) (0.5007666666666666, 0.5007666666666666, 0.5007666666666666) (1.0, 1.0, 1.0)
6 (0.6935076117515564, 0.6935291886329651, 0.6935242414474487) (0.5003333333333333, 0.5003333333333333, 0.5003333333333333) (1.0, 1.0, 1.0)
7 (0.6931458115577698, 0.6931545734405518, 0.6931533813476562) (0.49916666666666665, 0.49916666666666665, 0.49916666666666665) (1.0, 1.0, 1.0)
8 (0.6944191455841064, 0.6945005655288696, 0.6944791674613953) (0.5021333333333333, 0.5021333333333333, 0.5021333333333333) (1.0, 1.0, 1.0)
9 (0.6935616731643677, 0.6935757398605347, 0.693576455116272) (0.5009, 0.5009, 0.5009) (1.0, 1.0, 1.0)
10 (0.6934537887573242, 0.6934522986412048, 0.6934518218040466) (0.49416666666666664, 0.49416666666666664, 0.49416666666666664) (1.0, 1.0, 1.0)
