1 (0.6395318508148193, 0.6492100954055786, 0.6415417790412903) (0.3791285753250122, 0.39100712537765503, 0.3815571665763855) (1.0, 1.0, 1.0)
2 (0.633324921131134, 0.6434260606765747, 0.6364691853523254) (0.387014240026474, 0.3948499858379364, 0.38835716247558594) (1.0, 1.0, 1.0)
3 (0.6293145418167114, 0.6391338109970093, 0.6308560967445374) (0.3968285620212555, 0.4044000208377838, 0.39865002036094666) (1.0, 1.0, 1.0)
4 (0.6085271239280701, 0.6266459822654724, 0.6130692362785339) (0.39526429772377014, 0.41236424446105957, 0.3997785449028015) (1.0, 1.0, 1.0)
5 (0.5979037284851074, 0.6169666051864624, 0.6034912467002869) (0.4002000391483307, 0.4178857207298279, 0.406892865896225) (1.0, 1.0, 1.0)
6 (0.597551703453064, 0.6139754056930542, 0.6018365621566772) (0.39891427755355835, 0.4168500006198883, 0.4037071168422699) (1.0, 1.0, 1.0)
7 (0.5938245058059692, 0.6129030585289001, 0.5986632108688354) (0.40554285049438477, 0.4188285768032074, 0.40909284353256226) (1.0, 1.0, 1.0)
8 (0.5947613716125488, 0.6142286062240601, 0.5986772179603577) (0.4059714376926422, 0.4197999835014343, 0.4074285626411438) (1.0, 1.0, 1.0)
9 (0.5933898687362671, 0.6137798428535461, 0.5981684327125549) (0.4051285684108734, 0.42223572731018066, 0.40893569588661194) (1.0, 1.0, 1.0)
10 (0.5947924852371216, 0.6119433641433716, 0.5992287397384644) (0.40715712308883667, 0.42115718126296997, 0.4115143418312073) (1.0, 1.0, 1.0)
