1 (0.6790648698806763, 0.6902915239334106, 0.6769856810569763) (0.43277332186698914, 0.4693232774734497, 0.4266466498374939) (1.0, 1.0, 1.0)
2 (0.6816992163658142, 0.6904768347740173, 0.675637423992157) (0.4388566315174103, 0.46926671266555786, 0.4242866635322571) (1.0, 1.0, 1.0)
3 (0.6793949007987976, 0.6905133128166199, 0.6768940091133118) (0.4371267259120941, 0.47037333250045776, 0.4264533519744873) (1.0, 1.0, 1.0)
4 (0.6939471960067749, 0.6939473152160645, 0.6939473748207092) (0.5008000731468201, 0.5008000731468201, 0.5008000731468201) (1.0, 1.0, 1.0)
5 (0.693350076675415, 0.6933498978614807, 0.6933501362800598) (0.4985700249671936, 0.4985700249671936, 0.4985700249671936) (1.0, 1.0, 1.0)
6 (0.6934648156166077, 0.6934648752212524, 0.6934648752212524) (0.501396656036377, 0.501396656036377, 0.501396656036377) (1.0, 1.0, 1.0)
7 (0.6933509707450867, 0.6933509707450867, 0.6933509707450867) (0.5000765919685364, 0.5000765919685364, 0.5000765919685364) (1.0, 1.0, 1.0)
8 (0.6938470602035522, 0.6938469409942627, 0.6938470602035522) (0.4988534152507782, 0.4988534152507782, 0.4988534152507782) (1.0, 1.0, 1.0)
9 (0.6934942603111267, 0.6934937834739685, 0.6934937238693237) (0.5005000233650208, 0.5005000233650208, 0.5005000233650208) (1.0, 1.0, 1.0)
10 (0.6938949823379517, 0.6938912272453308, 0.6938934922218323) (0.5009667277336121, 0.5009667277336121, 0.5009667277336121) (1.0, 1.0, 1.0)
11 (0.6942501068115234, 0.6942372918128967, 0.6942419409751892) (0.49949660897254944, 0.49949660897254944, 0.49949660897254944) (1.0, 1.0, 1.0)
12 (0.6935182213783264, 0.6935182809829712, 0.6935182809829712) (0.49967002868652344, 0.49967002868652344, 0.49967002868652344) (1.0, 1.0, 1.0)
13 (0.693809986114502, 0.6938102841377258, 0.693810224533081) (0.4993099570274353, 0.4993099570274353, 0.4993099570274353) (1.0, 1.0, 1.0)
14 (0.6932653784751892, 0.6932656168937683, 0.6932655572891235) (0.5005864500999451, 0.5005864500999451, 0.5005864500999451) (1.0, 1.0, 1.0)
15 (0.6932868957519531, 0.6932868957519531, 0.6932867169380188) (0.49905335903167725, 0.49905335903167725, 0.49905335903167725) (1.0, 1.0, 1.0)
16 (0.6932032108306885, 0.6932032108306885, 0.6932032108306885) (0.49885329604148865, 0.49885329604148865, 0.49885329604148865) (1.0, 1.0, 1.0)
17 (0.6934751868247986, 0.6934751868247986, 0.6934751868247986) (0.5004066824913025, 0.5004066824913025, 0.5004066824913025) (1.0, 1.0, 1.0)
18 (0.6933501958847046, 0.6933501958847046, 0.6933501958847046) (0.4995132386684418, 0.4995132386684418, 0.4995132386684418) (1.0, 1.0, 1.0)
19 (0.6932820677757263, 0.6932820677757263, 0.6932820677757263) (0.4999133348464966, 0.4999133348464966, 0.4999133348464966) (1.0, 1.0, 1.0)
20 (0.6934230327606201, 0.6934230923652649, 0.6934230327606201) (0.49990329146385193, 0.49990329146385193, 0.49990329146385193) (1.0, 1.0, 1.0)
