1 (0.5628653168678284, 0.5670995712280273, 0.5552223324775696) (0.335099995136261, 0.3388366997241974, 0.3284466862678528) (1.0, 1.0, 1.0)
2 (0.531802773475647, 0.5363402962684631, 0.5196751356124878) (0.32370004057884216, 0.32522669434547424, 0.31576672196388245) (1.0, 1.0, 1.0)
3 (0.5135852694511414, 0.5160468220710754, 0.49735939502716064) (0.30983003973960876, 0.3094899654388428, 0.298520028591156) (1.0, 1.0, 1.0)
4 (0.5085690021514893, 0.5086535811424255, 0.48441705107688904) (0.30147331953048706, 0.29979002475738525, 0.2857700288295746) (1.0, 1.0, 1.0)
5 (0.49689239263534546, 0.49780285358428955, 0.4730592668056488) (0.29134997725486755, 0.28878337144851685, 0.27171334624290466) (0.9999000000000001, 0.9998999999999999, 1.0)
6 (0.49131524562835693, 0.4924808144569397, 0.46844959259033203) (0.2867799401283264, 0.2850166857242584, 0.26834672689437866) (1.0, 1.0, 1.0)
7 (0.4871066212654114, 0.4893278479576111, 0.4642714560031891) (0.28500330448150635, 0.2831299602985382, 0.2682066261768341) (1.0, 1.0, 0.9997999999999999)
8 (0.4852437674999237, 0.4871196746826172, 0.46302083134651184) (0.28488996624946594, 0.28376662731170654, 0.2661566436290741) (0.9998999999999999, 1.0, 0.9997999999999999)
9 (0.4845818281173706, 0.4882580637931824, 0.4634813666343689) (0.28722333908081055, 0.2872166931629181, 0.27003994584083557) (0.9999000000000001, 1.0, 1.0)
10 (0.48520132899284363, 0.48709022998809814, 0.4616028666496277) (0.2859365940093994, 0.28588998317718506, 0.2699933350086212) (1.0, 1.0, 1.0)
11 (0.4815843999385834, 0.48448020219802856, 0.46116819977760315) (0.28151002526283264, 0.2813766300678253, 0.2666400372982025) (1.0, 1.0, 0.9999000000000001)
12 (0.4870009124279022, 0.4873049855232239, 0.46070075035095215) (0.2839399576187134, 0.28067001700401306, 0.26356327533721924) (0.9998, 1.0, 0.9999000000000001)
13 (0.48001694679260254, 0.48266541957855225, 0.4576175808906555) (0.2802332639694214, 0.2802566587924957, 0.2639966607093811) (1.0, 0.9998, 1.0)
14 (0.47814980149269104, 0.4815129041671753, 0.455504447221756) (0.2786666452884674, 0.2791067063808441, 0.2620399296283722) (0.9997, 1.0, 0.9999000000000001)
15 (0.5930596590042114, 0.6342502236366272, 0.6021753549575806) (0.3554866313934326, 0.3730100393295288, 0.3578166961669922) (1.0, 1.0, 1.0)
16 (0.522653341293335, 0.5507227182388306, 0.5274823307991028) (0.35462674498558044, 0.36406663060188293, 0.3549133241176605) (1.0, 1.0, 1.0)
17 (0.5008898973464966, 0.5248588919639587, 0.5013450384140015) (0.3472600281238556, 0.3558233678340912, 0.34536007046699524) (1.0, 1.0, 1.0)
18 (0.49475669860839844, 0.5169612765312195, 0.4953850507736206) (0.34119006991386414, 0.34937331080436707, 0.3398500382900238) (1.0, 1.0, 1.0)
19 (0.49179598689079285, 0.5093553066253662, 0.49118342995643616) (0.3395633399486542, 0.34820660948753357, 0.34000998735427856) (1.0, 1.0, 1.0)
20 (0.4918014109134674, 0.5082775354385376, 0.49019429087638855) (0.33908331394195557, 0.3462966978549957, 0.3378933072090149) (1.0, 1.0, 1.0)
21 (0.49179619550704956, 0.5082521438598633, 0.4899640381336212) (0.34147652983665466, 0.3488200902938843, 0.3417966365814209) (1.0, 1.0, 1.0)
22 (0.4898603558540344, 0.5065093636512756, 0.48834428191185) (0.3412700295448303, 0.3475933074951172, 0.34051334857940674) (1.0, 1.0, 1.0)
23 (0.48993346095085144, 0.5065828561782837, 0.4890594184398651) (0.34082329273223877, 0.3485265374183655, 0.3400533199310303) (1.0, 1.0, 1.0)
24 (0.4890245199203491, 0.5032855868339539, 0.4868089258670807) (0.3421165347099304, 0.3473467230796814, 0.34137997031211853) (1.0, 1.0, 1.0)
25 (0.4908069968223572, 0.5048694014549255, 0.48777225613594055) (0.34223663806915283, 0.34837663173675537, 0.341116726398468) (1.0, 1.0, 1.0)
26 (0.48771244287490845, 0.5007704496383667, 0.4855406582355499) (0.3382733166217804, 0.3420899510383606, 0.3378433585166931) (1.0, 1.0, 1.0)
27 (0.48794540762901306, 0.5025187730789185, 0.4852061867713928) (0.33799993991851807, 0.34425994753837585, 0.3365400433540344) (1.0, 1.0, 1.0)
28 (0.4870864450931549, 0.5034545660018921, 0.4848766326904297) (0.336813360452652, 0.3431934118270874, 0.3350966274738312) (1.0, 1.0, 1.0)
29 (0.48830240964889526, 0.5010644197463989, 0.4840888977050781) (0.33675670623779297, 0.3412933349609375, 0.33418333530426025) (1.0, 1.0, 1.0)
30 (0.4865487813949585, 0.4989449381828308, 0.4820052981376648) (0.33391326665878296, 0.3394399881362915, 0.3319833278656006) (1.0, 1.0, 1.0)
31 (0.48737797141075134, 0.49958401918411255, 0.4811220169067383) (0.3315100073814392, 0.33735328912734985, 0.32967665791511536) (1.0, 1.0, 1.0)
32 (0.48384779691696167, 0.4960362911224365, 0.47715339064598083) (0.3313800096511841, 0.3364432454109192, 0.3281567096710205) (0.9998999999999999, 1.0, 1.0)
33 (0.4837581515312195, 0.4975401759147644, 0.477995365858078) (0.32847338914871216, 0.3358333110809326, 0.3270299434661865) (1.0, 1.0, 1.0)
34 (0.48172256350517273, 0.4921818971633911, 0.47466546297073364) (0.32777008414268494, 0.3312399983406067, 0.3236899971961975) (1.0, 1.0, 1.0)
35 (0.4820452630519867, 0.491151362657547, 0.47391194105148315) (0.3257165849208832, 0.3283299505710602, 0.3227900266647339) (1.0, 1.0, 1.0)
36 (0.4818953573703766, 0.49236956238746643, 0.4730587303638458) (0.3247866928577423, 0.32917338609695435, 0.32020336389541626) (1.0, 1.0, 1.0)
37 (0.4806547164916992, 0.49058985710144043, 0.47151148319244385) (0.32318341732025146, 0.3258267641067505, 0.3187766373157501) (1.0, 1.0, 1.0)
38 (0.4772222638130188, 0.4862969219684601, 0.4679972529411316) (0.31925341486930847, 0.3227366507053375, 0.3152366280555725) (1.0, 1.0, 1.0)
39 (0.4789988696575165, 0.488477885723114, 0.4692824184894562) (0.3169800341129303, 0.3199499547481537, 0.31199997663497925) (1.0, 1.0, 1.0)
40 (0.4729763865470886, 0.4816907048225403, 0.46006539463996887) (0.31066665053367615, 0.3148767352104187, 0.3034399747848511) (1.0, 1.0, 1.0)
41 (0.472197562456131, 0.483697772026062, 0.4595540761947632) (0.3086967170238495, 0.31236666440963745, 0.30225664377212524) (0.9998999999999999, 1.0, 1.0)
42 (0.4729357957839966, 0.4855344295501709, 0.4605683982372284) (0.31020331382751465, 0.3151833415031433, 0.30380669236183167) (1.0, 1.0, 1.0)
43 (0.4711645841598511, 0.4792200028896332, 0.45771124958992004) (0.30932992696762085, 0.31209999322891235, 0.302839994430542) (1.0, 1.0, 1.0)
44 (0.46969839930534363, 0.4792477786540985, 0.4566221237182617) (0.30944669246673584, 0.3119100332260132, 0.30104002356529236) (1.0, 1.0, 1.0)
45 (0.4702558219432831, 0.47635799646377563, 0.4570389986038208) (0.309413343667984, 0.31279003620147705, 0.303009957075119) (1.0, 1.0, 1.0)
46 (0.47391995787620544, 0.4834710359573364, 0.46029388904571533) (0.3084366023540497, 0.3125700056552887, 0.3023099899291992) (1.0, 1.0, 0.9998999999999999)
47 (0.47008612751960754, 0.47813427448272705, 0.4548114836215973) (0.30861666798591614, 0.3123165965080261, 0.3011033535003662) (1.0, 1.0, 1.0)
48 (0.470140278339386, 0.4774618446826935, 0.4576251208782196) (0.308940052986145, 0.31139668822288513, 0.3010432720184326) (1.0, 1.0, 1.0)
49 (0.4726864993572235, 0.48049405217170715, 0.45849883556365967) (0.3097632825374603, 0.3126099705696106, 0.30301007628440857) (1.0, 1.0, 1.0)
50 (0.47085505723953247, 0.4783257246017456, 0.4572930634021759) (0.3097798824310303, 0.3116466999053955, 0.3018066883087158) (1.0, 1.0, 1.0)
