1 (0.6931704878807068, 0.6933935880661011, 0.6932953000068665) (0.4978099763393402, 0.49903997778892517, 0.4991599917411804) (1.0, 1.0, 1.0)
2 (0.6917197108268738, 0.6930186748504639, 0.6923681497573853) (0.47877001762390137, 0.49865999817848206, 0.4874899983406067) (1.0, 1.0, 1.0)
3 (0.6889950037002563, 0.692660927772522, 0.6903387904167175) (0.4663199782371521, 0.4915199875831604, 0.46942001581192017) (1.0, 1.0, 1.0)
4 (0.6864708662033081, 0.6928406953811646, 0.688778281211853) (0.4543600082397461, 0.48997002840042114, 0.4642000198364258) (1.0, 1.0, 1.0)
5 (0.6888071894645691, 0.6929919123649597, 0.689440131187439) (0.4802300035953522, 0.4946099817752838, 0.48211002349853516) (1.0, 1.0, 1.0)
6 (0.6888420581817627, 0.6926143765449524, 0.6877085566520691) (0.47067004442214966, 0.4891200065612793, 0.46504998207092285) (1.0, 1.0, 1.0)
7 (0.6902095079421997, 0.6923902034759521, 0.6883760690689087) (0.48030000925064087, 0.48634999990463257, 0.46557003259658813) (1.0, 1.0, 1.0)
8 (0.690324068069458, 0.6929839253425598, 0.6886495351791382) (0.48372000455856323, 0.4912000298500061, 0.46672001481056213) (1.0, 1.0, 1.0)
9 (0.6954694390296936, 0.6924794912338257, 0.6880460977554321) (0.4857400059700012, 0.4867900013923645, 0.4613800048828125) (1.0, 1.0, 1.0)
10 (0.6885655522346497, 0.6927273869514465, 0.6877724528312683) (0.4758000373840332, 0.48784002661705017, 0.46230000257492065) (1.0, 1.0, 1.0)
