1 (0.6334174871444702, 0.6467423439025879, 0.6431800127029419) (0.41456666588783264, 0.42713332176208496, 0.42853331565856934) (1.0, 1.0, 1.0)
2 (0.497327983379364, 0.5336211919784546, 0.5209137797355652) (0.306633323431015, 0.33606666326522827, 0.3308999538421631) (1.0, 1.0, 1.0)
3 (0.4795226454734802, 0.5182029008865356, 0.49954915046691895) (0.31390002369880676, 0.33953335881233215, 0.32823336124420166) (1.0, 1.0, 1.0)
4 (0.4780256152153015, 0.5130873322486877, 0.49982476234436035) (0.3240000009536743, 0.3425333499908447, 0.33739998936653137) (1.0, 1.0, 1.0)
5 (0.47681331634521484, 0.5126706957817078, 0.4992382526397705) (0.3316666781902313, 0.34743332862854004, 0.3391000032424927) (1.0, 1.0, 1.0)
6 (0.4745139479637146, 0.51036536693573, 0.49482473731040955) (0.3360000252723694, 0.34903332591056824, 0.34296664595603943) (1.0, 1.0, 1.0)
7 (0.4764259457588196, 0.5101979374885559, 0.4980204999446869) (0.33623331785202026, 0.3521333634853363, 0.3485333323478699) (1.0, 1.0, 1.0)
8 (0.4767608642578125, 0.510971188545227, 0.49474412202835083) (0.3350333571434021, 0.3464333415031433, 0.3409000039100647) (1.0, 1.0, 1.0)
9 (0.4751419425010681, 0.510448694229126, 0.4949423670768738) (0.3416000008583069, 0.3553333282470703, 0.3462666869163513) (1.0, 1.0, 1.0)
10 (0.4768138527870178, 0.5074080228805542, 0.4935649335384369) (0.3343999981880188, 0.3468000292778015, 0.3387333154678345) (1.0, 1.0, 1.0)
