1 (0.6112338304519653, 0.6296653151512146, 0.6193129420280457) (0.3705599904060364, 0.3891800045967102, 0.3778200149536133) (1.0, 1.0, 1.0)
2 (0.5987789034843445, 0.6162855625152588, 0.6058765053749084) (0.3733200132846832, 0.3855400085449219, 0.3787199854850769) (1.0, 1.0, 1.0)
3 (0.5715873837471008, 0.601513147354126, 0.5833176374435425) (0.37064000964164734, 0.3908199965953827, 0.3777399957180023) (1.0, 1.0, 1.0)
4 (0.549895167350769, 0.582737922668457, 0.5663490891456604) (0.357200026512146, 0.385420024394989, 0.37209999561309814) (1.0, 1.0, 1.0)
5 (0.5381853580474854, 0.5754964351654053, 0.5525824427604675) (0.3551400303840637, 0.38203996419906616, 0.36451998353004456) (1.0, 1.0, 1.0)
6 (0.5323897004127502, 0.5688128471374512, 0.5507569313049316) (0.35224002599716187, 0.37529999017715454, 0.36291998624801636) (1.0, 1.0, 1.0)
7 (0.5302082300186157, 0.5665783882141113, 0.5477431416511536) (0.35026001930236816, 0.3729200065135956, 0.3625999987125397) (1.0, 1.0, 1.0)
8 (0.5286415219306946, 0.5668853521347046, 0.5452607870101929) (0.3539600074291229, 0.38131996989250183, 0.36682000756263733) (1.0, 1.0, 1.0)
9 (0.5290842652320862, 0.5680619478225708, 0.5490318536758423) (0.3515600264072418, 0.38099998235702515, 0.36465999484062195) (1.0, 1.0, 1.0)
10 (0.5255650281906128, 0.5691654682159424, 0.5466641783714294) (0.3496200144290924, 0.37654000520706177, 0.36118000745773315) (1.0, 1.0, 1.0)
