1 (0.6422072649002075, 0.655884861946106, 0.6453623175621033) (0.3817928433418274, 0.394821435213089, 0.38370710611343384) (1.0, 1.0, 1.0)
2 (0.6248220205307007, 0.6347185969352722, 0.6268662214279175) (0.373207151889801, 0.38190001249313354, 0.3751142919063568) (1.0, 1.0, 1.0)
3 (0.6130102276802063, 0.6284302473068237, 0.61656254529953) (0.3886285424232483, 0.3987571597099304, 0.3923499882221222) (1.0, 1.0, 1.0)
4 (0.5829352140426636, 0.6058830618858337, 0.5897766351699829) (0.3763071298599243, 0.3962928354740143, 0.3818286061286926) (1.0, 1.0, 1.0)
5 (0.5905804634094238, 0.6144681572914124, 0.5976706743240356) (0.3783857226371765, 0.40062856674194336, 0.3861214518547058) (1.0, 1.0, 1.0)
6 (0.5800765156745911, 0.6041915416717529, 0.5861204266548157) (0.37621432542800903, 0.39647144079208374, 0.3831142783164978) (1.0, 1.0, 1.0)
7 (0.5710683465003967, 0.5970205068588257, 0.5776351094245911) (0.37735715508461, 0.39731431007385254, 0.3823571503162384) (1.0, 1.0, 1.0)
8 (0.5683797001838684, 0.596495509147644, 0.5766441226005554) (0.37869998812675476, 0.40029287338256836, 0.3855857253074646) (1.0, 1.0, 1.0)
9 (0.5642036199569702, 0.5929127931594849, 0.5725517868995667) (0.3754642903804779, 0.3954142928123474, 0.38152143359184265) (1.0, 1.0, 1.0)
10 (0.5619004964828491, 0.5926793813705444, 0.5715309977531433) (0.3667714297771454, 0.3884999752044678, 0.37270715832710266) (1.0, 1.0, 1.0)
