1 (0.6804744601249695, 0.6921067833900452, 0.6843616366386414) (0.4526680111885071, 0.48453599214553833, 0.45879799127578735) (1.0, 1.0, 1.0)
2 (0.6860518455505371, 0.6918383240699768, 0.6833716034889221) (0.4679499864578247, 0.48395201563835144, 0.4578200578689575) (1.0, 1.0, 1.0)
3 (0.6843427419662476, 0.6916779279708862, 0.6843481659889221) (0.458901971578598, 0.4837840795516968, 0.457459956407547) (1.0, 1.0, 1.0)
4 (0.693663477897644, 0.6936643719673157, 0.6936643123626709) (0.4998859763145447, 0.49968406558036804, 0.49967801570892334) (1.0, 1.0, 1.0)
5 (0.6938379406929016, 0.6938390135765076, 0.6938384771347046) (0.5001960396766663, 0.5001960396766663, 0.5001960396766663) (1.0, 1.0, 1.0)
6 (0.6933166980743408, 0.6933168172836304, 0.6933169364929199) (0.5003899931907654, 0.5003899931907654, 0.5003899931907654) (1.0, 1.0, 1.0)
7 (0.6934410333633423, 0.6934401988983154, 0.6934401988983154) (0.5015280246734619, 0.5015280246734619, 0.5015280246734619) (1.0, 1.0, 1.0)
8 (0.6934100985527039, 0.6934098601341248, 0.6934099793434143) (0.4981360137462616, 0.4981360137462616, 0.4981360137462616) (1.0, 1.0, 1.0)
9 (0.6936904788017273, 0.6936889886856079, 0.6936891078948975) (0.5010959506034851, 0.5010959506034851, 0.5010959506034851) (1.0, 1.0, 1.0)
10 (0.6935247778892517, 0.6935244798660278, 0.6935243010520935) (0.5012400150299072, 0.5012879967689514, 0.5010141134262085) (1.0, 1.0, 1.0)
11 (0.6939176917076111, 0.6939122676849365, 0.6939136385917664) (0.5002419948577881, 0.5002419948577881, 0.5002419948577881) (1.0, 1.0, 1.0)
12 (0.693519651889801, 0.6935203075408936, 0.6935198903083801) (0.4999859631061554, 0.4999859631061554, 0.4999859631061554) (1.0, 1.0, 1.0)
13 (0.6932566165924072, 0.6932584643363953, 0.693257749080658) (0.4990938901901245, 0.4990938901901245, 0.4990938901901245) (1.0, 1.0, 1.0)
14 (0.6933670043945312, 0.693371593952179, 0.693370521068573) (0.4994580149650574, 0.4994580149650574, 0.4994580149650574) (1.0, 1.0, 1.0)
15 (0.693389892578125, 0.6933931112289429, 0.6933923959732056) (0.4998980462551117, 0.4998980462551117, 0.4998980462551117) (1.0, 1.0, 1.0)
16 (0.6935895681381226, 0.6935915350914001, 0.6935911774635315) (0.5013059377670288, 0.5013059377670288, 0.5013059377670288) (1.0, 1.0, 1.0)
17 (0.6935098767280579, 0.693504810333252, 0.6935065984725952) (0.4992620050907135, 0.4992620050907135, 0.4992620050907135) (1.0, 1.0, 1.0)
18 (0.7257700562477112, 0.7254449725151062, 0.7254855632781982) (0.500942051410675, 0.500942051410675, 0.500942051410675) (1.0, 1.0, 1.0)
19 (0.6933733224868774, 0.6933726668357849, 0.6933727264404297) (0.5009860396385193, 0.5011179447174072, 0.5011099576950073) (1.0, 1.0, 1.0)
20 (0.6933252215385437, 0.6933269500732422, 0.6933272480964661) (0.5009520053863525, 0.5010179877281189, 0.5011760592460632) (1.0, 1.0, 1.0)
