1 (0.5581704378128052, 0.5987396240234375, 0.5796509981155396) (0.3324500024318695, 0.34968334436416626, 0.34138330817222595) (1.0, 1.0, 1.0)
2 (0.5219535231590271, 0.5645511150360107, 0.5458158254623413) (0.3259499669075012, 0.3485666513442993, 0.3397999703884125) (1.0, 1.0, 1.0)
3 (0.5209115743637085, 0.5572384595870972, 0.5442145466804504) (0.33096668124198914, 0.35678330063819885, 0.3450166583061218) (1.0, 1.0, 1.0)
4 (0.5120033025741577, 0.5570809245109558, 0.539391279220581) (0.3282333314418793, 0.3512166738510132, 0.3421500325202942) (1.0, 1.0, 1.0)
5 (0.5088773965835571, 0.550950288772583, 0.533727765083313) (0.33613333106040955, 0.3567499816417694, 0.34761667251586914) (1.0, 1.0, 1.0)
6 (0.5092305541038513, 0.5498853921890259, 0.5350397825241089) (0.34156665205955505, 0.3583499789237976, 0.3500500023365021) (1.0, 1.0, 1.0)
7 (0.5073074102401733, 0.5499539375305176, 0.5350249409675598) (0.33943331241607666, 0.3614500164985657, 0.3543333113193512) (1.0, 1.0, 1.0)
8 (0.5087575316429138, 0.552277684211731, 0.5368569493293762) (0.3399167060852051, 0.3626166582107544, 0.35598331689834595) (1.0, 1.0, 1.0)
9 (0.5024238228797913, 0.5485238432884216, 0.5331023931503296) (0.34753331542015076, 0.36588332056999207, 0.359499990940094) (1.0, 1.0, 1.0)
10 (0.5039622783660889, 0.5476870536804199, 0.530741274356842) (0.34608331322669983, 0.3646666407585144, 0.3586999773979187) (1.0, 1.0, 1.0)
