1 (0.5576849579811096, 0.58250492811203, 0.5726891160011292) (0.2833999991416931, 0.30960002541542053, 0.2983166575431824) (1.0, 1.0, 1.0)
2 (0.5101026296615601, 0.5502131581306458, 0.5365873575210571) (0.296016663312912, 0.3141666352748871, 0.3071666359901428) (1.0, 1.0, 1.0)
3 (0.5052310228347778, 0.5479604005813599, 0.5317660570144653) (0.31709998846054077, 0.33285000920295715, 0.32571667432785034) (1.0, 1.0, 1.0)
4 (0.4950592517852783, 0.5408350229263306, 0.5244637727737427) (0.31621667742729187, 0.33151668310165405, 0.32661667466163635) (1.0, 1.0, 1.0)
5 (0.49548259377479553, 0.5340033769607544, 0.520930826663971) (0.32795000076293945, 0.3384666442871094, 0.3337499499320984) (1.0, 1.0, 1.0)
6 (0.4835340976715088, 0.5353399515151978, 0.5167863368988037) (0.29881665110588074, 0.3242500126361847, 0.31531667709350586) (1.0, 1.0, 1.0)
7 (0.48988890647888184, 0.5325596928596497, 0.5145659446716309) (0.3104333281517029, 0.3297666609287262, 0.32144999504089355) (1.0, 1.0, 1.0)
8 (0.4474577009677887, 0.5115846991539001, 0.49096211791038513) (0.26430001854896545, 0.30568331480026245, 0.29413333535194397) (1.0, 1.0, 1.0)
9 (0.44617995619773865, 0.5133063197135925, 0.4902748167514801) (0.2645833194255829, 0.30498331785202026, 0.29304999113082886) (1.0, 1.0, 1.0)
10 (0.42962703108787537, 0.49976640939712524, 0.4740184247493744) (0.25690001249313354, 0.30391666293144226, 0.28673335909843445) (1.0, 1.0, 1.0)
