1 (0.5285601019859314, 0.5697991251945496, 0.5524916648864746) (0.2992332875728607, 0.321233332157135, 0.3140999972820282) (1.0, 1.0, 1.0)
2 (0.5055344700813293, 0.5501328706741333, 0.533305287361145) (0.3161333203315735, 0.32926666736602783, 0.3249000012874603) (1.0, 1.0, 1.0)
3 (0.4855383336544037, 0.5405617952346802, 0.5214482545852661) (0.303766667842865, 0.3270333409309387, 0.320900022983551) (1.0, 1.0, 1.0)
4 (0.4475083351135254, 0.5298792123794556, 0.5028073191642761) (0.2681666612625122, 0.3113666772842407, 0.29809999465942383) (1.0, 1.0, 1.0)
5 (0.43511709570884705, 0.5045037269592285, 0.48125043511390686) (0.25603336095809937, 0.3041333258152008, 0.2910333275794983) (1.0, 1.0, 1.0)
6 (0.4438451826572418, 0.5151967406272888, 0.48828011751174927) (0.2621000111103058, 0.3066333532333374, 0.2932666838169098) (1.0, 1.0, 1.0)
7 (0.44752365350723267, 0.5084357261657715, 0.48540371656417847) (0.2700333595275879, 0.31370002031326294, 0.2970333397388458) (1.0, 1.0, 1.0)
8 (0.4323703646659851, 0.5033577084541321, 0.4821133017539978) (0.2598666846752167, 0.3001333475112915, 0.2895333170890808) (1.0, 1.0, 1.0)
9 (0.4178205132484436, 0.48866358399391174, 0.4645482003688812) (0.24819998443126678, 0.29276666045188904, 0.27459999918937683) (1.0, 1.0, 1.0)
10 (0.4157785475254059, 0.48873209953308105, 0.46792030334472656) (0.2454666644334793, 0.2964666783809662, 0.28056663274765015) (1.0, 1.0, 1.0)
