1 (0.6923720240592957, 0.6930356025695801, 0.6926625967025757) (0.5002333333333333, 0.5002333333333333, 0.5002333333333333) (1.0, 1.0, 1.0)
2 (0.6892567873001099, 0.692704439163208, 0.6910414695739746) (0.5019333333333333, 0.5019333333333333, 0.5019333333333333) (1.0, 1.0, 1.0)
3 (0.6894049644470215, 0.6928181052207947, 0.6901232004165649) (0.4993833333333333, 0.4993833333333333, 0.4993833333333333) (1.0, 1.0, 1.0)
4 (0.6873155832290649, 0.6928750276565552, 0.6889038681983948) (0.49903333333333333, 0.49903333333333333, 0.49903333333333333) (1.0, 1.0, 1.0)
5 (0.6858175992965698, 0.6926494836807251, 0.689245343208313) (0.49881666666666663, 0.49881666666666663, 0.49881666666666663) (1.0, 1.0, 1.0)
6 (0.6871448159217834, 0.6925859451293945, 0.6888428926467896) (0.49989999999999996, 0.49989999999999996, 0.49989999999999996) (1.0, 1.0, 1.0)
7 (0.6899155974388123, 0.6925674676895142, 0.6896708607673645) (0.5016833333333334, 0.5016833333333334, 0.5016833333333334) (1.0, 1.0, 1.0)
8 (0.6858206987380981, 0.6927343606948853, 0.6894441843032837) (0.5007166666666667, 0.5007166666666667, 0.5007166666666667) (1.0, 1.0, 1.0)
9 (0.6907056570053101, 0.6927855610847473, 0.6903440356254578) (0.49985, 0.49985, 0.49985) (1.0, 1.0, 1.0)
10 (0.6863021850585938, 0.6926047801971436, 0.688409149646759) (0.5004833333333334, 0.5004833333333334, 0.5004833333333334) (1.0, 1.0, 1.0)
