1 0.29626429080963135 0.12802401185035706 1.0
2 0.22028177976608276 0.08991002291440964 1.0
3 0.1980576068162918 0.08012200146913528 0.9997999999999999
4 0.18943440914154053 0.0759279802441597 0.9994
5 0.1835184246301651 0.0729920044541359 0.9992
6 0.18202753365039825 0.07177800685167313 0.9992
7 0.17767450213432312 0.06938400119543076 0.9991999999999999
8 0.1778741329908371 0.06948801130056381 0.9990000000000001
9 0.17577166855335236 0.06825000792741776 0.9992000000000002
10 0.17587654292583466 0.06764400005340576 0.9990000000000002
