1 0.6719106435775757 0.4167819917201996 1.0
2 0.6678367257118225 0.407368004322052 1.0
3 0.6664592027664185 0.4056980013847351 1.0
4 0.6654559969902039 0.40466398000717163 1.0
5 0.6654685735702515 0.40463003516197205 1.0
6 0.6658609509468079 0.40424400568008423 1.0
7 0.6661446690559387 0.4037860035896301 1.0
8 0.6661324501037598 0.4047819972038269 1.0
9 0.6653429269790649 0.4037099778652191 1.0
10 0.6660992503166199 0.40603798627853394 1.0
11 0.665550172328949 0.404151976108551 1.0
12 0.6652868390083313 0.40393000841140747 1.0
13 0.6654176115989685 0.40400800108909607 1.0
14 0.6654387712478638 0.40334001183509827 1.0
15 0.6658123731613159 0.4047659933567047 1.0
16 0.6659520864486694 0.40412598848342896 1.0
17 0.6651881337165833 0.4040140211582184 1.0
18 0.666910707950592 0.4052020013332367 1.0
19 0.665462851524353 0.40512996912002563 1.0
20 0.6654700040817261 0.40412598848342896 1.0
