1 (0.4900435507297516, 0.5403300523757935, 0.521142840385437) (0.3391999900341034, 0.35954999923706055, 0.34988337755203247) (1.0, 1.0, 1.0)
2 (0.47861433029174805, 0.5142834186553955, 0.5036114454269409) (0.3389666974544525, 0.35329997539520264, 0.34876665472984314) (1.0, 1.0, 1.0)
3 (0.4785827696323395, 0.5172927975654602, 0.5010422468185425) (0.33899998664855957, 0.3529500365257263, 0.3472999930381775) (1.0, 1.0, 1.0)
4 (0.4770324230194092, 0.513848602771759, 0.49807190895080566) (0.3393666744232178, 0.35085001587867737, 0.3464832901954651) (1.0, 1.0, 1.0)
5 (0.4777827262878418, 0.5144283771514893, 0.4981567859649658) (0.33629998564720154, 0.3527999818325043, 0.34584999084472656) (1.0, 1.0, 1.0)
6 (0.47879475355148315, 0.514198362827301, 0.49784359335899353) (0.34013333916664124, 0.3539166748523712, 0.3480166792869568) (1.0, 1.0, 1.0)
7 (0.474055677652359, 0.5148741602897644, 0.4965044856071472) (0.3356666564941406, 0.3517000079154968, 0.3440167009830475) (1.0, 1.0, 1.0)
8 (0.4746236205101013, 0.5118671655654907, 0.494145005941391) (0.33888334035873413, 0.3528499901294708, 0.3465166687965393) (1.0, 1.0, 1.0)
9 (0.4747471809387207, 0.5111449360847473, 0.4957611560821533) (0.3388500213623047, 0.35534998774528503, 0.34755000472068787) (1.0, 1.0, 1.0)
10 (0.4751380980014801, 0.5114766359329224, 0.49575185775756836) (0.33980000019073486, 0.35438334941864014, 0.34915000200271606) (1.0, 1.0, 1.0)
