1 (0.6932086944580078, 0.693215012550354, 0.6932226419448853) (0.4978000223636627, 0.4976333677768707, 0.497666597366333) (1.0, 1.0, 1.0)
2 (0.6932381987571716, 0.6932547688484192, 0.6932471394538879) (0.5042001008987427, 0.5042333602905273, 0.5042333602905273) (1.0, 1.0, 1.0)
3 (0.6931869387626648, 0.6931999325752258, 0.693198561668396) (0.4974333345890045, 0.49943333864212036, 0.49943333864212036) (1.0, 1.0, 1.0)
4 (0.6932281851768494, 0.6932361721992493, 0.6932353377342224) (0.5008000135421753, 0.5008000135421753, 0.5008000135421753) (1.0, 1.0, 1.0)
5 (0.6932419538497925, 0.6932634115219116, 0.6932603716850281) (0.5005332827568054, 0.4988333284854889, 0.5003000497817993) (1.0, 1.0, 1.0)
6 (0.6981567144393921, 0.6990972757339478, 0.6990942358970642) (0.49969998002052307, 0.4994666576385498, 0.4996333718299866) (1.0, 1.0, 1.0)
7 (0.6933542490005493, 0.6933547854423523, 0.6933556795120239) (0.5003666281700134, 0.5000332593917847, 0.5003666281700134) (1.0, 1.0, 1.0)
8 (0.6932626962661743, 0.6932610869407654, 0.6932610869407654) (0.5006333589553833, 0.5006333589553833, 0.5006333589553833) (1.0, 1.0, 1.0)
9 (0.6934114694595337, 0.6934201717376709, 0.6934139728546143) (0.497333288192749, 0.497333288192749, 0.497333288192749) (1.0, 1.0, 1.0)
10 (0.6933104395866394, 0.6933054327964783, 0.6933044195175171) (0.49799999594688416, 0.49799999594688416, 0.49799999594688416) (1.0, 1.0, 1.0)
