1 (0.68097984790802, 0.68736732006073, 0.6834930777549744) (0.45278996229171753, 0.4685800075531006, 0.45802998542785645) (1.0, 1.0, 1.0)
2 (0.6209942698478699, 0.6441018581390381, 0.6303936243057251) (0.38106003403663635, 0.3981200158596039, 0.38825997710227966) (1.0, 1.0, 1.0)
3 (0.5743248462677002, 0.6050711870193481, 0.5878039002418518) (0.3581699728965759, 0.37888002395629883, 0.36865001916885376) (1.0, 1.0, 1.0)
4 (0.5625864863395691, 0.5998032689094543, 0.5768622159957886) (0.3548699915409088, 0.3824700117111206, 0.36549001932144165) (1.0, 1.0, 1.0)
5 (0.5399094820022583, 0.5818431377410889, 0.5589102506637573) (0.34717002511024475, 0.37824001908302307, 0.3595300316810608) (1.0, 1.0, 1.0)
6 (0.5374401807785034, 0.5748434662818909, 0.5558457374572754) (0.34956997632980347, 0.3730599880218506, 0.3626300096511841) (1.0, 1.0, 1.0)
7 (0.5256736278533936, 0.5682398676872253, 0.5463177561759949) (0.3445199728012085, 0.37349995970726013, 0.3599399924278259) (1.0, 1.0, 1.0)
8 (0.5283952951431274, 0.571735680103302, 0.5503330230712891) (0.3480199873447418, 0.37648001313209534, 0.36215999722480774) (1.0, 1.0, 1.0)
9 (0.5226976871490479, 0.5656412839889526, 0.5460464358329773) (0.3421199917793274, 0.3705800175666809, 0.3579299747943878) (1.0, 1.0, 1.0)
10 (0.5220922231674194, 0.563813328742981, 0.5437180995941162) (0.34341001510620117, 0.3719100058078766, 0.3577900230884552) (1.0, 1.0, 1.0)
