1 (0.6068087816238403, 0.6222931146621704, 0.6128634810447693) (0.36114996671676636, 0.37389999628067017, 0.3661699891090393) (1.0, 1.0, 1.0)
2 (0.5758007764816284, 0.6082659959793091, 0.5918984413146973) (0.3644300103187561, 0.3802099823951721, 0.3709999918937683) (1.0, 1.0, 1.0)
3 (0.517960786819458, 0.5703368782997131, 0.5438764691352844) (0.33670997619628906, 0.3705100417137146, 0.3527899980545044) (1.0, 1.0, 1.0)
4 (0.51407390832901, 0.5628895163536072, 0.5383514165878296) (0.3354000151157379, 0.3680099844932556, 0.3513199985027313) (1.0, 1.0, 1.0)
5 (0.5187914371490479, 0.5613776445388794, 0.5393842458724976) (0.33823999762535095, 0.3652400076389313, 0.35036998987197876) (1.0, 1.0, 1.0)
6 (0.5073953866958618, 0.5646733641624451, 0.5387054681777954) (0.3353999853134155, 0.3691900372505188, 0.35332000255584717) (1.0, 1.0, 1.0)
7 (0.49568119645118713, 0.5496115684509277, 0.523332953453064) (0.33000999689102173, 0.3603200316429138, 0.3439300060272217) (1.0, 1.0, 1.0)
8 (0.489542156457901, 0.5449721217155457, 0.5175971388816833) (0.3280099928379059, 0.36090999841690063, 0.34488004446029663) (1.0, 1.0, 1.0)
9 (0.4958351254463196, 0.5450801849365234, 0.51909339427948) (0.33170002698898315, 0.35969001054763794, 0.3425699770450592) (1.0, 1.0, 1.0)
10 (0.4999612271785736, 0.5453885793685913, 0.5235233306884766) (0.33073994517326355, 0.35659000277519226, 0.34344998002052307) (1.0, 1.0, 1.0)
