1 (0.6927700042724609, 0.6934921741485596, 0.6931739449501038) (0.4998833239078522, 0.49961668252944946, 0.4992833137512207) (1.0, 1.0, 1.0)
2 (0.6907080411911011, 0.6929153203964233, 0.6917134523391724) (0.47589999437332153, 0.49441665410995483, 0.4812333583831787) (1.0, 1.0, 1.0)
3 (0.6882225275039673, 0.6925823092460632, 0.6906514167785645) (0.4490000307559967, 0.4879833161830902, 0.46316665410995483) (1.0, 1.0, 1.0)
4 (0.6882889866828918, 0.6925814747810364, 0.6898413896560669) (0.4640166759490967, 0.4874333441257477, 0.4605333209037781) (1.0, 1.0, 1.0)
5 (0.68751460313797, 0.6929495334625244, 0.6902488470077515) (0.4528833329677582, 0.4912499785423279, 0.4652000069618225) (1.0, 1.0, 1.0)
6 (0.6880537271499634, 0.6927881240844727, 0.6896660327911377) (0.46826666593551636, 0.49078336358070374, 0.46903330087661743) (1.0, 1.0, 1.0)
7 (0.6877387762069702, 0.692508339881897, 0.689655065536499) (0.45713335275650024, 0.4875999987125397, 0.4651000499725342) (1.0, 1.0, 1.0)
8 (0.6904667615890503, 0.6929889917373657, 0.6896158456802368) (0.47126665711402893, 0.49123334884643555, 0.4693833291530609) (1.0, 1.0, 1.0)
9 (0.6872417330741882, 0.6927930116653442, 0.6896206140518188) (0.4535333514213562, 0.4880499839782715, 0.45910000801086426) (1.0, 1.0, 1.0)
10 (0.6886170506477356, 0.6929160356521606, 0.6902758479118347) (0.4635166525840759, 0.4899999499320984, 0.46381664276123047) (1.0, 1.0, 1.0)
