1 (0.5511652827262878, 0.5564010739326477, 0.541712760925293) (0.3217783272266388, 0.3241516053676605, 0.31560999155044556) (1.0, 1.0, 1.0)
2 (0.5282225608825684, 0.5522486567497253, 0.5313836336135864) (0.3186865746974945, 0.3333282768726349, 0.3212733566761017) (1.0, 1.0, 1.0)
3 (0.49590572714805603, 0.5112965106964111, 0.49224743247032166) (0.3233465552330017, 0.33185669779777527, 0.3214033842086792) (1.0, 1.0, 1.0)
4 (0.4902246594429016, 0.5002474188804626, 0.48257800936698914) (0.3162649869918823, 0.32198330760002136, 0.31268835067749023) (1.0, 1.0, 1.0)
5 (0.5396596789360046, 0.5535004138946533, 0.5335115194320679) (0.3223550319671631, 0.32847830653190613, 0.31979164481163025) (1.0, 1.0, 1.0)
6 (0.48412469029426575, 0.4937232732772827, 0.4739089608192444) (0.302768349647522, 0.3066767156124115, 0.2962516248226166) (1.0, 1.0, 1.0)
7 (0.4796089828014374, 0.48878440260887146, 0.46671634912490845) (0.2914550006389618, 0.2938532829284668, 0.281863272190094) (1.0, 1.0, 1.0)
8 (0.47774234414100647, 0.48644232749938965, 0.4631052017211914) (0.284199982881546, 0.2864449620246887, 0.2738983631134033) (1.0, 1.0, 1.0)
9 (1.1629124879837036, 1.188098430633545, 1.140424370765686) (0.3930099606513977, 0.3949833810329437, 0.3868516683578491) (1.0, 1.0, 1.0)
10 (0.4945771098136902, 0.5043529868125916, 0.48840779066085815) (0.34305667877197266, 0.3466016352176666, 0.3404316008090973) (1.0, 1.0, 1.0)
11 (0.49518412351608276, 0.5023447275161743, 0.48979708552360535) (0.34362661838531494, 0.34807151556015015, 0.34230831265449524) (1.0, 1.0, 1.0)
12 (0.4943263530731201, 0.5053719878196716, 0.4890759289264679) (0.3440600633621216, 0.3476233184337616, 0.3423183560371399) (1.0, 1.0, 1.0)
13 (0.5011661648750305, 0.5120843648910522, 0.4950810670852661) (0.34674498438835144, 0.350406676530838, 0.34451180696487427) (1.0, 1.0, 1.0)
14 (0.5039832592010498, 0.5147501826286316, 0.4985204339027405) (0.34622833132743835, 0.3504750430583954, 0.34588512778282166) (1.0, 1.0, 1.0)
15 (0.501778244972229, 0.5129424333572388, 0.4965258836746216) (0.3460134267807007, 0.34997662901878357, 0.34329670667648315) (1.0, 1.0, 1.0)
16 (0.4984975755214691, 0.5076944231987, 0.49300312995910645) (0.3465266525745392, 0.3491549789905548, 0.3434867560863495) (1.0, 1.0, 1.0)
17 (0.49877655506134033, 0.5101000070571899, 0.49465233087539673) (0.34750163555145264, 0.35283660888671875, 0.3453366756439209) (1.0, 1.0, 1.0)
18 (0.512540876865387, 0.5223850607872009, 0.50643390417099) (0.3519533574581146, 0.35519665479660034, 0.34943169355392456) (1.0, 1.0, 1.0)
19 (0.5609490871429443, 0.5673841238021851, 0.5501299500465393) (0.3704833686351776, 0.37547001242637634, 0.3670034110546112) (1.0, 1.0, 1.0)
20 (0.5325813293457031, 0.5407168865203857, 0.5208736658096313) (0.3572033643722534, 0.36022666096687317, 0.353365033864975) (1.0, 1.0, 1.0)
21 (0.522480309009552, 0.532155454158783, 0.5136750936508179) (0.36040496826171875, 0.3618316948413849, 0.3555433750152588) (1.0, 1.0, 1.0)
22 (0.5149980783462524, 0.5240077972412109, 0.5074666738510132) (0.35298338532447815, 0.3561766445636749, 0.3492549657821655) (1.0, 1.0, 1.0)
23 (0.5644621849060059, 0.569817066192627, 0.5589886903762817) (0.34938499331474304, 0.3523399829864502, 0.3484266996383667) (1.0, 1.0, 1.0)
24 (0.5080733299255371, 0.5179123878479004, 0.5032543540000916) (0.3481050133705139, 0.35314658284187317, 0.3453800082206726) (1.0, 1.0, 1.0)
25 (0.6428816318511963, 0.6478562355041504, 0.6411754488945007) (0.3862083852291107, 0.39072170853614807, 0.3840183913707733) (1.0, 1.0, 1.0)
26 (0.6883373260498047, 0.6888005137443542, 0.6879563927650452) (0.48708823323249817, 0.48694348335266113, 0.4855499267578125) (1.0, 1.0, 1.0)
27 (0.6893800497055054, 0.6898984313011169, 0.6893128156661987) (0.489696741104126, 0.49118006229400635, 0.48955658078193665) (1.0, 1.0, 1.0)
28 (0.6886531710624695, 0.6894210577011108, 0.688589334487915) (0.4893466532230377, 0.4915999472141266, 0.4894566833972931) (1.0, 1.0, 1.0)
29 (0.6906196475028992, 0.6909075379371643, 0.690358579158783) (0.4922916293144226, 0.49323663115501404, 0.49229660630226135) (1.0, 1.0, 1.0)
30 (0.6912592053413391, 0.6913661956787109, 0.6911674737930298) (0.4955982565879822, 0.49487847089767456, 0.49455997347831726) (1.0, 1.0, 1.0)
31 (0.6895077228546143, 0.6898298859596252, 0.6893049478530884) (0.48891839385032654, 0.49052661657333374, 0.4894033670425415) (1.0, 1.0, 1.0)
32 (0.6903446316719055, 0.6902986168861389, 0.6899980902671814) (0.4911232888698578, 0.4910282492637634, 0.49040499329566956) (1.0, 1.0, 1.0)
33 (0.688401460647583, 0.6887056231498718, 0.6883923411369324) (0.49000343680381775, 0.4899517297744751, 0.4900616407394409) (1.0, 1.0, 1.0)
34 (0.687167763710022, 0.6877040863037109, 0.6870885491371155) (0.48963993787765503, 0.4899365305900574, 0.4896501302719116) (1.0, 1.0, 1.0)
35 (0.6873680949211121, 0.687816858291626, 0.6871988773345947) (0.4900416433811188, 0.49042168259620667, 0.488603413105011) (1.0, 1.0, 1.0)
36 (0.6870070695877075, 0.6876274943351746, 0.6870604157447815) (0.48886317014694214, 0.48955005407333374, 0.48913830518722534) (1.0, 1.0, 1.0)
37 (0.6852987408638, 0.6862763166427612, 0.6850717663764954) (0.48708659410476685, 0.4881134033203125, 0.48727333545684814) (1.0, 1.0, 1.0)
38 (0.6861022710800171, 0.6867321729660034, 0.6860384345054626) (0.48881998658180237, 0.4894200563430786, 0.4883899390697479) (1.0, 1.0, 1.0)
39 (0.692507803440094, 0.6928891539573669, 0.6920819878578186) (0.48962828516960144, 0.4890117347240448, 0.4877466559410095) (1.0, 1.0, 1.0)
40 (0.6860452890396118, 0.6868133544921875, 0.6858413815498352) (0.48916003108024597, 0.4898350238800049, 0.48933154344558716) (1.0, 1.0, 1.0)
41 (0.6857972145080566, 0.6862089037895203, 0.6855384111404419) (0.4889999032020569, 0.4879331886768341, 0.4888482987880707) (1.0, 1.0, 1.0)
42 (0.685302734375, 0.6860677599906921, 0.6850872039794922) (0.4873799979686737, 0.48780500888824463, 0.48685330152511597) (1.0, 1.0, 1.0)
43 (0.6865943074226379, 0.6875669956207275, 0.6864521503448486) (0.4869467616081238, 0.48812997341156006, 0.488018274307251) (1.0, 1.0, 1.0)
44 (0.6863360404968262, 0.6873052716255188, 0.6866307854652405) (0.48830682039260864, 0.4895016551017761, 0.4891434609889984) (1.0, 1.0, 1.0)
45 (0.6850978136062622, 0.6859391927719116, 0.6853019595146179) (0.48930004239082336, 0.48991310596466064, 0.48772671818733215) (1.0, 1.0, 1.0)
46 (0.6882397532463074, 0.6884963512420654, 0.6878048181533813) (0.49092838168144226, 0.49094322323799133, 0.4888998866081238) (1.0, 1.0, 1.0)
47 (0.6881263256072998, 0.688536524772644, 0.6879090666770935) (0.49071505665779114, 0.4903215765953064, 0.4904867112636566) (1.0, 1.0, 1.0)
48 (0.687701404094696, 0.6884782910346985, 0.6877604722976685) (0.479684978723526, 0.4801281690597534, 0.4792366921901703) (1.0, 1.0, 1.0)
49 (0.6864427328109741, 0.6869018077850342, 0.6865994334220886) (0.48811835050582886, 0.48872488737106323, 0.48997005820274353) (1.0, 1.0, 1.0)
50 (0.6889194250106812, 0.6887779831886292, 0.688345730304718) (0.49245497584342957, 0.4923182427883148, 0.4908115267753601) (1.0, 1.0, 1.0)
