1 (0.6659502983093262, 0.6752592325210571, 0.6683987379074097) (0.4171142578125, 0.43208569288253784, 0.4215428829193115) (1.0, 1.0, 1.0)
2 (0.645995020866394, 0.6557120084762573, 0.6484784483909607) (0.38745713233947754, 0.3984714150428772, 0.3906143009662628) (1.0, 1.0, 1.0)
3 (0.6336451172828674, 0.646041989326477, 0.6366552710533142) (0.3831142783164978, 0.3912428915500641, 0.383985698223114) (1.0, 1.0, 1.0)
4 (0.6277855634689331, 0.6405606269836426, 0.6305429935455322) (0.3808428645133972, 0.3937999904155731, 0.383257120847702) (1.0, 1.0, 1.0)
5 (0.6197065114974976, 0.6322470903396606, 0.6234033703804016) (0.38748571276664734, 0.39661428332328796, 0.3918714225292206) (1.0, 1.0, 1.0)
6 (0.6108922958374023, 0.6270207762718201, 0.614530086517334) (0.39721429347991943, 0.4072999954223633, 0.4016142785549164) (1.0, 1.0, 1.0)
7 (0.5796592831611633, 0.6103343367576599, 0.5887056589126587) (0.36472856998443604, 0.3991142809391022, 0.37712860107421875) (1.0, 1.0, 1.0)
8 (0.568386435508728, 0.6014673709869385, 0.5805435180664062) (0.3620571196079254, 0.39318567514419556, 0.3717142939567566) (1.0, 1.0, 1.0)
9 (0.5663853883743286, 0.5993145704269409, 0.5762243866920471) (0.3711857199668884, 0.39667144417762756, 0.3768285810947418) (1.0, 1.0, 1.0)
10 (0.5538638234138489, 0.594794750213623, 0.5663630366325378) (0.3627714216709137, 0.39075714349746704, 0.3724571764469147) (1.0, 1.0, 1.0)
