1 (0.6413651704788208, 0.6549227833747864, 0.6451011896133423) (0.3906000256538391, 0.40142861008644104, 0.3918570876121521) (1.0, 1.0, 1.0)
2 (0.6249010562896729, 0.6382097601890564, 0.6284222602844238) (0.3903999924659729, 0.3984714150428772, 0.3919571340084076) (1.0, 1.0, 1.0)
3 (0.6103626489639282, 0.6251814961433411, 0.6134225130081177) (0.3999571204185486, 0.4073571562767029, 0.4011714458465576) (1.0, 1.0, 1.0)
4 (0.5888906121253967, 0.6133992671966553, 0.5967855453491211) (0.3837428689002991, 0.4068285822868347, 0.389685720205307) (1.0, 1.0, 1.0)
5 (0.5682618021965027, 0.5980319976806641, 0.5760218501091003) (0.36807143688201904, 0.3947142958641052, 0.3751571476459503) (1.0, 1.0, 1.0)
6 (0.5666228532791138, 0.6013519763946533, 0.576545000076294) (0.3741571307182312, 0.39817145466804504, 0.37952858209609985) (1.0, 1.0, 1.0)
7 (0.5620701909065247, 0.5910643935203552, 0.5718384385108948) (0.3717857301235199, 0.3927857279777527, 0.379800021648407) (1.0, 1.0, 1.0)
8 (0.5646743774414062, 0.5968491435050964, 0.5755457282066345) (0.3682571053504944, 0.39508572220802307, 0.377528578042984) (1.0, 1.0, 1.0)
9 (0.5654526948928833, 0.5960673093795776, 0.5750541687011719) (0.3780714273452759, 0.40160003304481506, 0.3852856755256653) (1.0, 1.0, 1.0)
10 (0.5590148568153381, 0.5924166440963745, 0.5686729550361633) (0.3758142590522766, 0.3993571400642395, 0.3814143240451813) (1.0, 1.0, 1.0)
