1 (0.5544552206993103, 0.5890387296676636, 0.5740094184875488) (0.33816665410995483, 0.3528333306312561, 0.34675002098083496) (1.0, 1.0, 1.0)
2 (0.5211288928985596, 0.557430624961853, 0.5400264859199524) (0.339816689491272, 0.35975000262260437, 0.3526833653450012) (1.0, 1.0, 1.0)
3 (0.512882649898529, 0.555296003818512, 0.538176417350769) (0.34689998626708984, 0.36498332023620605, 0.3586333394050598) (1.0, 1.0, 1.0)
4 (0.5125996470451355, 0.5519959926605225, 0.5359290838241577) (0.34951668977737427, 0.3655666708946228, 0.3598499894142151) (1.0, 1.0, 1.0)
5 (0.5077434778213501, 0.5508160591125488, 0.5346745252609253) (0.34538331627845764, 0.36674997210502625, 0.35891667008399963) (1.0, 1.0, 1.0)
6 (0.5084991455078125, 0.555141806602478, 0.5350161790847778) (0.3525499999523163, 0.3734166920185089, 0.3632333278656006) (1.0, 1.0, 1.0)
7 (0.5052179098129272, 0.5510205030441284, 0.5325806140899658) (0.3508833348751068, 0.3710833191871643, 0.36213332414627075) (1.0, 1.0, 1.0)
8 (0.5039879679679871, 0.5507729053497314, 0.5324231386184692) (0.3495333790779114, 0.36756667494773865, 0.3609333336353302) (1.0, 1.0, 1.0)
9 (0.5037472248077393, 0.5484975576400757, 0.5314119458198547) (0.34894996881484985, 0.3665333390235901, 0.3592166602611542) (1.0, 1.0, 1.0)
10 (0.5058618783950806, 0.547791600227356, 0.5308744311332703) (0.35005003213882446, 0.36811667680740356, 0.36180001497268677) (1.0, 1.0, 1.0)
