1 (0.6932100653648376, 0.6932328939437866, 0.6932230591773987) (0.49713334441185, 0.49849995970726013, 0.4989333152770996) (1.0, 1.0, 1.0)
2 (0.693108320236206, 0.6931023597717285, 0.6931034922599792) (0.49273332953453064, 0.4944000244140625, 0.49406662583351135) (1.0, 1.0, 1.0)
3 (0.6932035088539124, 0.6932253837585449, 0.6932302713394165) (0.5034000277519226, 0.5038000345230103, 0.5029000043869019) (1.0, 1.0, 1.0)
4 (0.6935188174247742, 0.6936424374580383, 0.6935949921607971) (0.49843329191207886, 0.49843329191207886, 0.49843329191207886) (1.0, 1.0, 1.0)
5 (0.6931713819503784, 0.6931706666946411, 0.6931678056716919) (0.49960002303123474, 0.49960002303123474, 0.49960002303123474) (1.0, 1.0, 1.0)
6 (0.6933696269989014, 0.6933677196502686, 0.6933685541152954) (0.5005000233650208, 0.5005000233650208, 0.5005000233650208) (1.0, 1.0, 1.0)
7 (0.6934125423431396, 0.6934310793876648, 0.6934224367141724) (0.4991666376590729, 0.4978000223636627, 0.49766668677330017) (1.0, 1.0, 1.0)
8 (0.6934162378311157, 0.6934241652488708, 0.693426251411438) (0.5029666423797607, 0.5029666423797607, 0.5029666423797607) (1.0, 1.0, 1.0)
9 (0.7139504551887512, 0.7138729691505432, 0.7138726711273193) (0.49929994344711304, 0.49929994344711304, 0.49929994344711304) (1.0, 1.0, 1.0)
10 (0.6933269500732422, 0.6933269500732422, 0.6933269500732422) (0.5015999674797058, 0.5015999674797058, 0.5015999674797058) (1.0, 1.0, 1.0)
