1 (0.544438362121582, 0.579430878162384, 0.5656880140304565) (0.28261667490005493, 0.3105999827384949, 0.30035001039505005) (1.0, 1.0, 1.0)
2 (0.5019518136978149, 0.541374146938324, 0.5260321497917175) (0.2930000126361847, 0.30773335695266724, 0.30319997668266296) (1.0, 1.0, 1.0)
3 (0.4577551484107971, 0.5127562284469604, 0.49259060621261597) (0.25786668062210083, 0.3013499677181244, 0.2890166640281677) (1.0, 1.0, 1.0)
4 (0.4515896737575531, 0.507989764213562, 0.48587027192115784) (0.2556166350841522, 0.30613332986831665, 0.2847999930381775) (1.0, 1.0, 1.0)
5 (0.4591054320335388, 0.5075265169143677, 0.49312692880630493) (0.27441665530204773, 0.3109999895095825, 0.3029833436012268) (1.0, 1.0, 1.0)
6 (0.43417030572891235, 0.49263817071914673, 0.46872252225875854) (0.26420003175735474, 0.2983166575431824, 0.28450003266334534) (1.0, 1.0, 1.0)
7 (0.4254857897758484, 0.48863139748573303, 0.4661703109741211) (0.26071667671203613, 0.2943499982357025, 0.2824999988079071) (1.0, 1.0, 1.0)
8 (0.4220345914363861, 0.48496928811073303, 0.46293002367019653) (0.26143333315849304, 0.2957000136375427, 0.28439998626708984) (1.0, 1.0, 1.0)
9 (0.41844257712364197, 0.4883177876472473, 0.46546658873558044) (0.2640666365623474, 0.2987666726112366, 0.2860666811466217) (1.0, 1.0, 1.0)
10 (0.4248005747795105, 0.48469313979148865, 0.46598920226097107) (0.26999998092651367, 0.2982666790485382, 0.289816677570343) (1.0, 1.0, 1.0)
