1 (0.6043041348457336, 0.6074895858764648, 0.5956031680107117) (0.3794580101966858, 0.3816581070423126, 0.37323397397994995) (1.0, 1.0, 1.0)
2 (0.5663541555404663, 0.5686987042427063, 0.5490642189979553) (0.36292198300361633, 0.36385995149612427, 0.3501220643520355) (1.0, 1.0, 1.0)
3 (0.5606696605682373, 0.5612103343009949, 0.5403176546096802) (0.35967200994491577, 0.3578300476074219, 0.34428200125694275) (1.0, 1.0, 1.0)
4 (0.5560727119445801, 0.5567341446876526, 0.5335093140602112) (0.3543139696121216, 0.35391002893447876, 0.33804190158843994) (1.0, 1.0, 1.0)
5 (0.5467374324798584, 0.5474761724472046, 0.5253990292549133) (0.3513700067996979, 0.3521740436553955, 0.33788594603538513) (1.0, 1.0, 1.0)
6 (0.54341721534729, 0.5451170206069946, 0.5237662196159363) (0.34502002596855164, 0.344465970993042, 0.3284039795398712) (1.0, 1.0, 1.0)
7 (0.5466876029968262, 0.5561617016792297, 0.5312013030052185) (0.34906005859375, 0.356964111328125, 0.3397180438041687) (1.0, 1.0, 1.0)
8 (0.5435075163841248, 0.5434101819992065, 0.5225797295570374) (0.3469100594520569, 0.3462240695953369, 0.3308919668197632) (1.0, 1.0, 1.0)
9 (0.5430753231048584, 0.5543725490570068, 0.5270690321922302) (0.3454260230064392, 0.3522540032863617, 0.33438193798065186) (1.0, 1.0, 1.0)
10 (0.5420569777488708, 0.5589564442634583, 0.5277363061904907) (0.3447580337524414, 0.3553081452846527, 0.33647793531417847) (1.0, 1.0, 1.0)
11 (0.5417759418487549, 0.5494546294212341, 0.5226103067398071) (0.34376999735832214, 0.3483300507068634, 0.33212795853614807) (1.0, 1.0, 1.0)
12 (0.5383957028388977, 0.5436928868293762, 0.5180951952934265) (0.3373720049858093, 0.34108802676200867, 0.32395198941230774) (1.0, 1.0, 1.0)
13 (0.5387177467346191, 0.5432326793670654, 0.5168604254722595) (0.34085991978645325, 0.34319791197776794, 0.32736197113990784) (1.0, 1.0, 1.0)
14 (0.5343599915504456, 0.5375306010246277, 0.5120790004730225) (0.33787596225738525, 0.3397879898548126, 0.3251279592514038) (1.0, 1.0, 1.0)
15 (0.5364160537719727, 0.5403531789779663, 0.5143839716911316) (0.34074196219444275, 0.34171199798583984, 0.32614201307296753) (1.0, 1.0, 1.0)
16 (0.5459772348403931, 0.5467957258224487, 0.5237164497375488) (0.3421180844306946, 0.34109798073768616, 0.3274899423122406) (1.0, 1.0, 1.0)
17 (0.5351942777633667, 0.5337129831314087, 0.510695219039917) (0.3332679271697998, 0.33113592863082886, 0.3176860213279724) (1.0, 1.0, 1.0)
18 (0.5345571041107178, 0.5327669978141785, 0.5089315176010132) (0.33437004685401917, 0.33234596252441406, 0.31734997034072876) (1.0, 1.0, 1.0)
19 (0.5333629846572876, 0.5325581431388855, 0.5091397762298584) (0.3340359032154083, 0.3317158818244934, 0.31821200251579285) (1.0, 1.0, 1.0)
20 (0.5350705981254578, 0.5332531929016113, 0.5079289078712463) (0.3340078294277191, 0.332351952791214, 0.3171359896659851) (1.0, 1.0, 1.0)
21 (0.5346398949623108, 0.5340409278869629, 0.5077289342880249) (0.33532002568244934, 0.33514195680618286, 0.31932395696640015) (1.0, 1.0, 1.0)
22 (0.5310980677604675, 0.529366135597229, 0.5049437284469604) (0.3335099518299103, 0.3315660357475281, 0.317874014377594) (1.0, 1.0, 1.0)
23 (0.5332209467887878, 0.532050609588623, 0.5066661238670349) (0.3362281024456024, 0.33446204662323, 0.320639967918396) (1.0, 1.0, 1.0)
24 (0.5292566418647766, 0.5299602746963501, 0.5047077536582947) (0.3346339762210846, 0.334352046251297, 0.3200779855251312) (1.0, 1.0, 1.0)
25 (0.5318624377250671, 0.5334804654121399, 0.5071274638175964) (0.33625999093055725, 0.3363199532032013, 0.3215939998626709) (1.0, 1.0, 1.0)
26 (0.5333749651908875, 0.5328864455223083, 0.5081603527069092) (0.33559200167655945, 0.33579403162002563, 0.32213398814201355) (1.0, 1.0, 1.0)
27 (0.5290822386741638, 0.5287157297134399, 0.5041056275367737) (0.3342759311199188, 0.33360403776168823, 0.31832602620124817) (1.0, 1.0, 1.0)
28 (0.5284959673881531, 0.5283249020576477, 0.5033590793609619) (0.3338358998298645, 0.332722008228302, 0.3186179995536804) (1.0, 1.0, 1.0)
29 (0.5312975645065308, 0.532689094543457, 0.5057332515716553) (0.3347519636154175, 0.33615002036094666, 0.32122594118118286) (1.0, 1.0, 1.0)
30 (0.532625138759613, 0.5305840969085693, 0.5073042511940002) (0.3369619846343994, 0.33455798029899597, 0.3204798996448517) (1.0, 1.0, 1.0)
31 (0.5270937085151672, 0.5270976424217224, 0.5032159686088562) (0.33411601185798645, 0.3326859772205353, 0.31901004910469055) (1.0, 1.0, 1.0)
32 (0.5298730731010437, 0.5306074619293213, 0.5069798827171326) (0.3379620313644409, 0.33685794472694397, 0.3256340026855469) (1.0, 1.0, 1.0)
33 (0.5254586935043335, 0.5313511490821838, 0.5021979808807373) (0.33596405386924744, 0.33868396282196045, 0.3211600184440613) (1.0, 1.0, 1.0)
34 (0.5255191326141357, 0.5243669748306274, 0.5000923275947571) (0.3396959602832794, 0.3367939293384552, 0.3233659267425537) (1.0, 1.0, 1.0)
35 (0.5259957313537598, 0.5251381993293762, 0.5032169222831726) (0.3390659987926483, 0.33781394362449646, 0.3250580132007599) (1.0, 1.0, 1.0)
36 (0.5256216526031494, 0.527474045753479, 0.5019381046295166) (0.3400600850582123, 0.338949978351593, 0.3247339725494385) (1.0, 1.0, 1.0)
37 (0.5249364376068115, 0.5252553820610046, 0.5009006261825562) (0.3395419418811798, 0.3376120626926422, 0.32635194063186646) (1.0, 1.0, 1.0)
38 (0.5298760533332825, 0.5357018709182739, 0.5085854530334473) (0.34266197681427, 0.34446197748184204, 0.32837799191474915) (1.0, 1.0, 1.0)
39 (0.5235337615013123, 0.5232570171356201, 0.49763381481170654) (0.3397119641304016, 0.33806395530700684, 0.32516202330589294) (1.0, 1.0, 1.0)
40 (0.5289835929870605, 0.5392069816589355, 0.5072432160377502) (0.34170395135879517, 0.34504005312919617, 0.33027198910713196) (1.0, 1.0, 1.0)
41 (0.5525293946266174, 0.5977007150650024, 0.5447432398796082) (0.3530040681362152, 0.36984193325042725, 0.3487919867038727) (1.0, 1.0, 1.0)
42 (0.5401501655578613, 0.5722530484199524, 0.5321877002716064) (0.34887203574180603, 0.36369192600250244, 0.34397801756858826) (1.0, 1.0, 1.0)
43 (0.5338556170463562, 0.5636972188949585, 0.5233924984931946) (0.34573599696159363, 0.3593939542770386, 0.3394020199775696) (1.0, 1.0, 1.0)
44 (0.5303064584732056, 0.5463721752166748, 0.5128333568572998) (0.346561998128891, 0.35164013504981995, 0.33589595556259155) (1.0, 1.0, 1.0)
45 (0.5409097075462341, 0.5536984801292419, 0.5262477397918701) (0.3523061275482178, 0.3572520911693573, 0.3427979648113251) (1.0, 1.0, 1.0)
46 (0.5310154557228088, 0.5389545559883118, 0.5124638080596924) (0.34569403529167175, 0.34912821650505066, 0.3359280824661255) (1.0, 1.0, 1.0)
47 (0.5296687483787537, 0.5446914434432983, 0.5145096778869629) (0.34645211696624756, 0.35166800022125244, 0.3375359773635864) (1.0, 1.0, 1.0)
48 (0.5344000458717346, 0.5519049763679504, 0.5197547078132629) (0.34915199875831604, 0.3550720512866974, 0.34189414978027344) (1.0, 1.0, 1.0)
49 (0.5245654582977295, 0.5313888788223267, 0.503180742263794) (0.3426740765571594, 0.34401798248291016, 0.3301159143447876) (1.0, 1.0, 1.0)
50 (0.5238748788833618, 0.5290517807006836, 0.5031267404556274) (0.34414198994636536, 0.34492596983909607, 0.33189401030540466) (1.0, 1.0, 1.0)
