1 (0.636839747428894, 0.6452714204788208, 0.6385984420776367) (0.3922213912010193, 0.40266427397727966, 0.3936857581138611) (1.0, 1.0, 1.0)
2 (0.6280282139778137, 0.6382250189781189, 0.629610538482666) (0.3946285843849182, 0.400942862033844, 0.39547857642173767) (1.0, 1.0, 1.0)
3 (0.6205780506134033, 0.6347044706344604, 0.6236464381217957) (0.4069285988807678, 0.4152856767177582, 0.4079785943031311) (1.0, 1.0, 1.0)
4 (0.6100702285766602, 0.6275348663330078, 0.6148220300674438) (0.413100004196167, 0.42535001039505005, 0.41700711846351624) (1.0, 1.0, 1.0)
5 (0.5982301235198975, 0.6231890916824341, 0.6037939786911011) (0.4019642770290375, 0.4199071526527405, 0.4063500463962555) (1.0, 1.0, 1.0)
6 (0.5930188298225403, 0.6167372465133667, 0.5987564921379089) (0.4005785584449768, 0.4178071618080139, 0.4029428958892822) (1.0, 1.0, 1.0)
7 (0.5952137112617493, 0.6151366829872131, 0.6008747816085815) (0.4037928581237793, 0.4204714298248291, 0.4090214669704437) (1.0, 1.0, 1.0)
8 (0.5932406783103943, 0.613078236579895, 0.5993449091911316) (0.40339285135269165, 0.4196142554283142, 0.40925002098083496) (1.0, 1.0, 1.0)
9 (0.5915088057518005, 0.6116247177124023, 0.597242534160614) (0.4016285538673401, 0.4169642925262451, 0.40630000829696655) (1.0, 1.0, 1.0)
10 (0.5927175283432007, 0.6147717237472534, 0.5981342792510986) (0.4022928774356842, 0.4174500107765198, 0.4056642949581146) (1.0, 1.0, 1.0)
