1 (0.6310032606124878, 0.6331209540367126, 0.6272573471069336) (0.3809428811073303, 0.3826463222503662, 0.3779950737953186) (1.0, 1.0, 1.0)
2 (0.6180277466773987, 0.6205398440361023, 0.6115397810935974) (0.3817514181137085, 0.38310137391090393, 0.3775585889816284) (1.0, 1.0, 1.0)
3 (0.6165276765823364, 0.6214900612831116, 0.6099804043769836) (0.39284348487854004, 0.3970222771167755, 0.3871971070766449) (1.0, 1.0, 1.0)
4 (0.6244718432426453, 0.626542329788208, 0.6205785274505615) (0.4238693118095398, 0.4259113371372223, 0.4208621084690094) (1.0, 1.0, 1.0)
5 (0.6019137501716614, 0.6046330332756042, 0.599946916103363) (0.4276892840862274, 0.4291285276412964, 0.42547839879989624) (1.0, 1.0, 1.0)
6 (0.5966485738754272, 0.5997465252876282, 0.5936530828475952) (0.4183522164821625, 0.42018142342567444, 0.4151619076728821) (1.0, 1.0, 1.0)
7 (0.5895068645477295, 0.5929691791534424, 0.5836119651794434) (0.4003772437572479, 0.4022507071495056, 0.39536145329475403) (1.0, 1.0, 1.0)
8 (0.5848647952079773, 0.5888164043426514, 0.5773517489433289) (0.39354434609413147, 0.39617428183555603, 0.389297217130661) (1.0, 1.0, 1.0)
9 (0.5827428698539734, 0.5867586731910706, 0.5751709938049316) (0.39509284496307373, 0.39683207869529724, 0.38974571228027344) (1.0, 1.0, 1.0)
10 (0.5845781564712524, 0.5875804424285889, 0.5764255523681641) (0.396497905254364, 0.3980506956577301, 0.39094212651252747) (1.0, 1.0, 1.0)
11 (0.5799022912979126, 0.5847012400627136, 0.5686658620834351) (0.3949449956417084, 0.39742931723594666, 0.3896006643772125) (1.0, 1.0, 1.0)
12 (0.5760148167610168, 0.5804170370101929, 0.564412534236908) (0.39437639713287354, 0.39639005064964294, 0.38718998432159424) (1.0, 1.0, 1.0)
13 (0.5744940042495728, 0.5793014764785767, 0.5618338584899902) (0.3978143036365509, 0.39909932017326355, 0.39137211441993713) (1.0, 1.0, 1.0)
14 (0.5753747820854187, 0.5807315111160278, 0.5627846717834473) (0.3970756530761719, 0.39963003993034363, 0.3919278383255005) (1.0, 1.0, 1.0)
15 (0.5741872191429138, 0.5779675841331482, 0.5619754791259766) (0.39869439601898193, 0.4003406763076782, 0.3934500813484192) (1.0, 1.0, 1.0)
16 (0.5721980929374695, 0.5763814449310303, 0.5597636103630066) (0.3952278792858124, 0.396487832069397, 0.3889050781726837) (1.0, 1.0, 1.0)
17 (0.5646095871925354, 0.5685617327690125, 0.5487488508224487) (0.38615715503692627, 0.38785359263420105, 0.3761914372444153) (1.0, 1.0, 1.0)
18 (0.5637655258178711, 0.5689557194709778, 0.5468611717224121) (0.38566067814826965, 0.3879520893096924, 0.3771042227745056) (1.0, 1.0, 1.0)
19 (0.564778208732605, 0.5701608061790466, 0.5472869873046875) (0.38562002778053284, 0.38816359639167786, 0.3784899413585663) (1.0, 1.0, 1.0)
20 (0.5619111061096191, 0.5671947598457336, 0.5449738502502441) (0.3848092555999756, 0.38714849948883057, 0.37688136100769043) (1.0, 1.0, 1.0)
21 (0.5636842250823975, 0.6101821660995483, 0.5508185029029846) (0.38414132595062256, 0.3861427307128906, 0.3751000165939331) (1.0, 1.0, 1.0)
22 (0.5605661273002625, 0.5666943192481995, 0.5431661605834961) (0.3838914632797241, 0.38642871379852295, 0.3749556839466095) (1.0, 1.0, 1.0)
23 (0.5592663288116455, 0.563249945640564, 0.5415952801704407) (0.3838285207748413, 0.38473641872406006, 0.37405645847320557) (1.0, 1.0, 1.0)
24 (0.5571730136871338, 0.5619651675224304, 0.5398659706115723) (0.38316574692726135, 0.38454490900039673, 0.3745778203010559) (1.0, 1.0, 1.0)
25 (0.5594092011451721, 0.5643619298934937, 0.5418280363082886) (0.38317134976387024, 0.3854628801345825, 0.37459853291511536) (1.0, 1.0, 1.0)
26 (0.5586951971054077, 0.5644546747207642, 0.5413259863853455) (0.3839321434497833, 0.3860641419887543, 0.3754529654979706) (1.0, 1.0, 1.0)
27 (0.5640568137168884, 0.5710855722427368, 0.5466099381446838) (0.38585150241851807, 0.38811787962913513, 0.37714359164237976) (1.0, 1.0, 1.0)
28 (0.5577168464660645, 0.5628228187561035, 0.5407527685165405) (0.38368430733680725, 0.3851763606071472, 0.37508994340896606) (1.0, 1.0, 1.0)
29 (0.5577199459075928, 0.562511146068573, 0.5402770042419434) (0.3835115134716034, 0.38454434275627136, 0.3744385838508606) (1.0, 1.0, 1.0)
30 (0.559216320514679, 0.5636832118034363, 0.541326105594635) (0.383421391248703, 0.38541072607040405, 0.37532931566238403) (1.0, 1.0, 1.0)
31 (0.5584572553634644, 0.5640157461166382, 0.5404813885688782) (0.3828536570072174, 0.3855019807815552, 0.3743121325969696) (1.0, 1.0, 1.0)
32 (0.5702218413352966, 0.5984029173851013, 0.5587716102600098) (0.386397123336792, 0.39743006229400635, 0.3802521228790283) (1.0, 1.0, 1.0)
33 (0.6432234048843384, 0.6568819284439087, 0.6374393701553345) (0.4419836103916168, 0.44705647230148315, 0.43840500712394714) (1.0, 1.0, 1.0)
34 (0.5987032055854797, 0.6209274530410767, 0.59386146068573) (0.41466930508613586, 0.4236564338207245, 0.4121871292591095) (1.0, 1.0, 1.0)
35 (0.5937445163726807, 0.6142439842224121, 0.5888519883155823) (0.41376087069511414, 0.4228765070438385, 0.4097186028957367) (1.0, 1.0, 1.0)
36 (0.5881429314613342, 0.6103225350379944, 0.5837269425392151) (0.41011497378349304, 0.41949447989463806, 0.4068835377693176) (1.0, 1.0, 1.0)
37 (0.5801734328269958, 0.6033536791801453, 0.5736207365989685) (0.40279650688171387, 0.41302284598350525, 0.40009281039237976) (1.0, 1.0, 1.0)
38 (0.5759038329124451, 0.5990017652511597, 0.5687822699546814) (0.3985106945037842, 0.40795281529426575, 0.39554718136787415) (1.0, 1.0, 1.0)
39 (0.5729457139968872, 0.5962440967559814, 0.5647207498550415) (0.3924771845340729, 0.4027678370475769, 0.3892042636871338) (1.0, 1.0, 1.0)
40 (0.5628072619438171, 0.5836414694786072, 0.5518136620521545) (0.385712206363678, 0.3938007652759552, 0.37850844860076904) (1.0, 1.0, 1.0)
41 (0.560609757900238, 0.5794033408164978, 0.5479298830032349) (0.38437002897262573, 0.3921985626220703, 0.37635567784309387) (1.0, 1.0, 1.0)
42 (0.5609376430511475, 0.5764018297195435, 0.548019289970398) (0.384393572807312, 0.39153149724006653, 0.3767136037349701) (1.0, 1.0, 1.0)
43 (0.5598250031471252, 0.571938157081604, 0.5459726452827454) (0.3835115134716034, 0.38846641778945923, 0.37590503692626953) (1.0, 1.0, 1.0)
44 (0.5609300136566162, 0.5719418525695801, 0.5459381341934204) (0.38538849353790283, 0.38962996006011963, 0.3772856891155243) (1.0, 1.0, 1.0)
45 (0.5653405785560608, 0.5738983154296875, 0.5499247908592224) (0.387565016746521, 0.3903086185455322, 0.37976711988449097) (1.0, 1.0, 1.0)
46 (0.5620630383491516, 0.5729113221168518, 0.5466569662094116) (0.385191410779953, 0.3894236087799072, 0.3768078088760376) (1.0, 1.0, 1.0)
47 (0.5625526905059814, 0.5702612400054932, 0.5467367768287659) (0.384975790977478, 0.3874700665473938, 0.37682440876960754) (1.0, 1.0, 1.0)
48 (0.5654488205909729, 0.5733715295791626, 0.5486705303192139) (0.38453370332717896, 0.3869514465332031, 0.37525638937950134) (1.0, 1.0, 1.0)
49 (0.5640631914138794, 0.5717232823371887, 0.5475994348526001) (0.3867063820362091, 0.38951775431632996, 0.3778650164604187) (1.0, 1.0, 1.0)
50 (0.5622749328613281, 0.5715342164039612, 0.5459317564964294) (0.3843878507614136, 0.3877864480018616, 0.37691500782966614) (1.0, 1.0, 1.0)
