1 (0.5342141389846802, 0.5779072642326355, 0.5598517656326294) (0.2974066734313965, 0.32067999243736267, 0.31038665771484375) (1.0, 1.0, 1.0)
2 (0.5249788165092468, 0.5573297739028931, 0.5455499887466431) (0.29993999004364014, 0.31642666459083557, 0.3091066777706146) (1.0, 1.0, 1.0)
3 (0.4731368124485016, 0.5263333320617676, 0.5073167085647583) (0.27496665716171265, 0.3089067041873932, 0.2975466847419739) (1.0, 1.0, 1.0)
4 (0.42038100957870483, 0.5021508932113647, 0.4751937985420227) (0.24336667358875275, 0.2969000041484833, 0.27797335386276245) (1.0, 1.0, 1.0)
5 (0.4372299611568451, 0.5066874027252197, 0.48332229256629944) (0.2613733410835266, 0.30751335620880127, 0.29101336002349854) (1.0, 1.0, 1.0)
6 (0.4210795760154724, 0.4927704334259033, 0.47104939818382263) (0.25275999307632446, 0.2976333498954773, 0.2829933166503906) (1.0, 1.0, 1.0)
7 (0.4201687276363373, 0.4906712472438812, 0.4675869047641754) (0.25070667266845703, 0.2960200011730194, 0.28117331862449646) (1.0, 1.0, 1.0)
8 (0.417069673538208, 0.4858291745185852, 0.4633828103542328) (0.25230666995048523, 0.2946799695491791, 0.28086668252944946) (1.0, 1.0, 1.0)
9 (0.40870732069015503, 0.47802892327308655, 0.4543094038963318) (0.24729332327842712, 0.2903066575527191, 0.2737666368484497) (1.0, 1.0, 1.0)
10 (0.40796908736228943, 0.4798983633518219, 0.4570837616920471) (0.24451331794261932, 0.28903335332870483, 0.27454668283462524) (1.0, 1.0, 1.0)
