1 (0.5400405526161194, 0.5827150940895081, 0.5667161345481873) (0.3424000144004822, 0.3617333471775055, 0.35759997367858887) (1.0, 1.0, 1.0)
2 (0.5276576280593872, 0.569865882396698, 0.5521668195724487) (0.35503333806991577, 0.3762666583061218, 0.36793333292007446) (1.0, 1.0, 1.0)
3 (0.5169183611869812, 0.5626989603042603, 0.5425553321838379) (0.3580000400543213, 0.37816667556762695, 0.364300012588501) (1.0, 1.0, 1.0)
4 (0.5170788764953613, 0.5632622241973877, 0.5468188524246216) (0.3501332998275757, 0.3734000325202942, 0.3653666377067566) (1.0, 1.0, 1.0)
5 (0.514906108379364, 0.5530948638916016, 0.5383623838424683) (0.3510333299636841, 0.36959999799728394, 0.36143332719802856) (1.0, 1.0, 1.0)
6 (0.5148940086364746, 0.5537998676300049, 0.5352404713630676) (0.35403329133987427, 0.37289994955062866, 0.3577333092689514) (1.0, 1.0, 1.0)
7 (0.5076931715011597, 0.5520501136779785, 0.5369836688041687) (0.35076668858528137, 0.3682333827018738, 0.3617332875728607) (1.0, 1.0, 1.0)
8 (0.5046378374099731, 0.5508044958114624, 0.5336490869522095) (0.35350003838539124, 0.3722333610057831, 0.3623666763305664) (1.0, 1.0, 1.0)
9 (0.5022131204605103, 0.5494604110717773, 0.530982494354248) (0.3484000265598297, 0.3687666654586792, 0.3654666543006897) (1.0, 1.0, 1.0)
10 (0.5043779611587524, 0.5496082305908203, 0.5322253704071045) (0.3493000268936157, 0.3650332987308502, 0.3597666621208191) (1.0, 1.0, 1.0)
