1 (0.5449851155281067, 0.5750749707221985, 0.5606875419616699) (0.2727000117301941, 0.2979000210762024, 0.2878333330154419) (1.0, 1.0, 1.0)
2 (0.5454751253128052, 0.5768858194351196, 0.564021110534668) (0.298799991607666, 0.31940001249313354, 0.3107333183288574) (1.0, 1.0, 1.0)
3 (0.5203609466552734, 0.5578429698944092, 0.544402539730072) (0.2967333197593689, 0.3095666468143463, 0.3061666488647461) (1.0, 1.0, 1.0)
4 (0.5040305256843567, 0.5542399883270264, 0.5352452397346497) (0.30916664004325867, 0.32206666469573975, 0.3173999786376953) (1.0, 1.0, 1.0)
5 (0.48326969146728516, 0.5349492430686951, 0.5164859294891357) (0.2913333475589752, 0.3222000002861023, 0.31839999556541443) (1.0, 1.0, 1.0)
6 (0.47095394134521484, 0.5286803245544434, 0.5048331022262573) (0.2789333462715149, 0.3216666579246521, 0.30256667733192444) (1.0, 1.0, 1.0)
7 (0.4651164412498474, 0.5225023031234741, 0.5023178458213806) (0.27906668186187744, 0.3233666718006134, 0.3081333339214325) (1.0, 1.0, 1.0)
8 (0.46059808135032654, 0.526628315448761, 0.5062243342399597) (0.2750333249568939, 0.31716665625572205, 0.3041333258152008) (1.0, 1.0, 1.0)
9 (0.4622502326965332, 0.5233076810836792, 0.5014640092849731) (0.279533326625824, 0.31966668367385864, 0.30233335494995117) (1.0, 1.0, 1.0)
10 (0.4532274603843689, 0.5212574601173401, 0.49782752990722656) (0.27513331174850464, 0.3225666582584381, 0.3006666898727417) (1.0, 1.0, 1.0)
