1 (0.6932719945907593, 0.6932799816131592, 0.6932870149612427) (0.49994999170303345, 0.4989333748817444, 0.4990333020687103) (1.0, 1.0, 1.0)
2 (0.6932646036148071, 0.6932625770568848, 0.6932410001754761) (0.49808335304260254, 0.4989999830722809, 0.4984833598136902) (1.0, 1.0, 1.0)
3 (0.6929537653923035, 0.6931365132331848, 0.6930416822433472) (0.4961666166782379, 0.49924999475479126, 0.4967833459377289) (1.0, 1.0, 1.0)
4 (0.6929652690887451, 0.6931383609771729, 0.6930387616157532) (0.48988333344459534, 0.49576669931411743, 0.49076661467552185) (1.0, 1.0, 1.0)
5 (0.6923004388809204, 0.693200945854187, 0.6928080320358276) (0.4855000376701355, 0.4957999587059021, 0.49363335967063904) (1.0, 1.0, 1.0)
6 (0.6922837495803833, 0.6931735277175903, 0.692366361618042) (0.4875500202178955, 0.4985833764076233, 0.4861833155155182) (1.0, 1.0, 1.0)
7 (0.6921035051345825, 0.6929833292961121, 0.6924226880073547) (0.4809500277042389, 0.4950333535671234, 0.482283353805542) (1.0, 1.0, 1.0)
8 (0.6926482915878296, 0.6933072805404663, 0.6931006908416748) (0.4960666596889496, 0.49888333678245544, 0.4973999857902527) (1.0, 1.0, 1.0)
9 (0.6923764944076538, 0.6929663419723511, 0.6924718022346497) (0.4876999855041504, 0.49365001916885376, 0.4859999716281891) (1.0, 1.0, 1.0)
10 (0.6925305724143982, 0.6932984590530396, 0.6927593946456909) (0.49461668729782104, 0.4989500045776367, 0.4954667091369629) (1.0, 1.0, 1.0)
