1 (0.4984053075313568, 0.5547925233840942, 0.536147952079773) (0.30000001192092896, 0.33071666955947876, 0.32083332538604736) (1.0, 1.0, 1.0)
2 (0.4787541329860687, 0.5320414900779724, 0.5119370222091675) (0.30246666073799133, 0.33223333954811096, 0.3202666640281677) (1.0, 1.0, 1.0)
3 (0.4710363745689392, 0.5143284797668457, 0.4981093406677246) (0.3029666841030121, 0.3269500136375427, 0.31831666827201843) (1.0, 1.0, 1.0)
4 (0.46729111671447754, 0.5178595781326294, 0.4971444010734558) (0.29756665229797363, 0.3269333243370056, 0.3108333349227905) (1.0, 1.0, 1.0)
5 (0.45461711287498474, 0.5122450590133667, 0.4882802963256836) (0.28484997153282166, 0.31601661443710327, 0.303600013256073) (1.0, 1.0, 1.0)
6 (0.44556155800819397, 0.5045244097709656, 0.48405447602272034) (0.26570001244544983, 0.2983333468437195, 0.2888333201408386) (1.0, 1.0, 1.0)
7 (0.44650593400001526, 0.5056252479553223, 0.4840921461582184) (0.2662666440010071, 0.29846662282943726, 0.2878499925136566) (1.0, 1.0, 1.0)
8 (0.4266122281551361, 0.49901047348976135, 0.4720118045806885) (0.24548332393169403, 0.2848166525363922, 0.2694000005722046) (1.0, 1.0, 1.0)
9 (0.4329235553741455, 0.5012384653091431, 0.4791223406791687) (0.24944999814033508, 0.2851499915122986, 0.27300000190734863) (1.0, 1.0, 1.0)
10 (0.421419620513916, 0.49158358573913574, 0.46722593903541565) (0.24641665816307068, 0.2857000231742859, 0.26963335275650024) (1.0, 1.0, 1.0)
