1 (0.6935558915138245, 0.6936283111572266, 0.6936212182044983) (0.4998, 0.4998, 0.4998) (1.0, 1.0, 1.0)
2 (0.6932677030563354, 0.6933074593544006, 0.6932762861251831) (0.49734999999999996, 0.49734999999999996, 0.49734999999999996) (1.0, 1.0, 1.0)
3 (0.69312584400177, 0.6931893229484558, 0.6931415796279907) (0.5003142857142857, 0.5003142857142857, 0.5003142857142857) (1.0, 1.0, 1.0)
4 (0.6925022006034851, 0.693110466003418, 0.6926328539848328) (0.4981642857142857, 0.4981642857142857, 0.4981642857142857) (1.0, 1.0, 1.0)
5 (0.6913769841194153, 0.6930161714553833, 0.6914241313934326) (0.4997928571428571, 0.4997928571428571, 0.4997928571428571) (1.0, 1.0, 1.0)
6 (0.6908504366874695, 0.6929610967636108, 0.6911397576332092) (0.4991, 0.4991, 0.4991) (1.0, 1.0, 1.0)
7 (0.6902428865432739, 0.6929115056991577, 0.6902878880500793) (0.4993428571428571, 0.4993428571428571, 0.4993428571428571) (1.0, 1.0, 1.0)
8 (0.6903891563415527, 0.6928234696388245, 0.6904032230377197) (0.50085, 0.50085, 0.50085) (1.0, 1.0, 1.0)
9 (0.6899608373641968, 0.6928464770317078, 0.6902998685836792) (0.5000785714285715, 0.5000785714285715, 0.5000785714285715) (1.0, 1.0, 1.0)
10 (0.6910853385925293, 0.6927836537361145, 0.6905447840690613) (0.5002, 0.5002, 0.5002) (1.0, 1.0, 1.0)
