1 (0.6404469609260559, 0.656387448310852, 0.6468120813369751) (0.38971999287605286, 0.4014800190925598, 0.3942199647426605) (1.0, 1.0, 1.0)
2 (0.6001439094543457, 0.6226378679275513, 0.6080623865127563) (0.36358001828193665, 0.3758600056171417, 0.36761999130249023) (1.0, 1.0, 1.0)
3 (0.5771568417549133, 0.6022154092788696, 0.5862575173377991) (0.37178000807762146, 0.3906799852848053, 0.3792000114917755) (1.0, 1.0, 1.0)
4 (0.5752984881401062, 0.5968557000160217, 0.5847181081771851) (0.38670000433921814, 0.40553998947143555, 0.3908199667930603) (1.0, 1.0, 1.0)
5 (0.572192370891571, 0.594887375831604, 0.5819157958030701) (0.38704001903533936, 0.40188002586364746, 0.39246001839637756) (1.0, 1.0, 1.0)
6 (0.5707966089248657, 0.5957955121994019, 0.5797969102859497) (0.390720009803772, 0.4049000144004822, 0.39267998933792114) (1.0, 1.0, 1.0)
7 (0.5716788172721863, 0.5939791798591614, 0.5816751718521118) (0.3862999975681305, 0.3986000120639801, 0.3931799829006195) (1.0, 1.0, 1.0)
8 (0.5673016309738159, 0.5916844606399536, 0.5765842795372009) (0.3800799548625946, 0.3940599858760834, 0.38499999046325684) (1.0, 1.0, 1.0)
9 (0.5660474896430969, 0.5906533002853394, 0.5769872069358826) (0.3786199986934662, 0.3993600010871887, 0.38596001267433167) (1.0, 1.0, 1.0)
10 (0.5651518106460571, 0.5957374572753906, 0.5770565271377563) (0.3782200217247009, 0.39862000942230225, 0.385699987411499) (1.0, 1.0, 1.0)
