1 (0.6110175251960754, 0.6274323463439941, 0.6212966442108154) (0.37896668910980225, 0.39373332262039185, 0.38956665992736816) (1.0, 1.0, 1.0)
2 (0.5401943325996399, 0.5761449933052063, 0.5589481592178345) (0.3477666974067688, 0.3747999966144562, 0.36169999837875366) (1.0, 1.0, 1.0)
3 (0.5130125880241394, 0.557772696018219, 0.5407643914222717) (0.34709998965263367, 0.36973336338996887, 0.36356669664382935) (1.0, 1.0, 1.0)
4 (0.5118988156318665, 0.5558971762657166, 0.534945547580719) (0.34946662187576294, 0.370199978351593, 0.36106666922569275) (1.0, 1.0, 1.0)
5 (0.5105876922607422, 0.5486164093017578, 0.5345402956008911) (0.3526000380516052, 0.3711666762828827, 0.3614667057991028) (1.0, 1.0, 1.0)
6 (0.5080593824386597, 0.5512790679931641, 0.5338019728660583) (0.3478666841983795, 0.36809998750686646, 0.3614000082015991) (1.0, 1.0, 1.0)
7 (0.511286199092865, 0.5555915832519531, 0.5350173115730286) (0.3537333607673645, 0.36963334679603577, 0.3630666732788086) (1.0, 1.0, 1.0)
8 (0.5112453699111938, 0.5506635904312134, 0.5419472455978394) (0.3556666374206543, 0.37326666712760925, 0.3675000071525574) (1.0, 1.0, 1.0)
9 (0.5037805438041687, 0.5525997877120972, 0.5323444604873657) (0.34839996695518494, 0.3676000237464905, 0.36326664686203003) (1.0, 1.0, 1.0)
10 (0.5058868527412415, 0.554468035697937, 0.5346003174781799) (0.35190004110336304, 0.3738333582878113, 0.36346668004989624) (1.0, 1.0, 1.0)
