1 (0.6935035586357117, 0.6936012506484985, 0.6935931444168091) (0.5004139542579651, 0.5007418990135193, 0.5007680654525757) (1.0, 1.0, 1.0)
2 (0.6949473023414612, 0.6946753859519958, 0.6947277784347534) (0.5045740604400635, 0.5006579160690308, 0.5017279386520386) (1.0, 1.0, 1.0)
3 (0.690561056137085, 0.6935152411460876, 0.6925390362739563) (0.47840195894241333, 0.4967699348926544, 0.48686206340789795) (1.0, 1.0, 1.0)
4 (0.6924953460693359, 0.6933658123016357, 0.6919484734535217) (0.48084205389022827, 0.4969099760055542, 0.48430800437927246) (1.0, 1.0, 1.0)
5 (0.691821813583374, 0.693209171295166, 0.6919910907745361) (0.48483195900917053, 0.49522411823272705, 0.4856220483779907) (1.0, 1.0, 1.0)
6 (0.689862072467804, 0.6936138868331909, 0.6920700669288635) (0.4759959876537323, 0.4949300289154053, 0.48355403542518616) (1.0, 1.0, 1.0)
7 (0.6923238635063171, 0.6935542225837708, 0.6932042837142944) (0.4862580895423889, 0.498104065656662, 0.4930800199508667) (1.0, 1.0, 1.0)
8 (0.6922457218170166, 0.6934268474578857, 0.691886305809021) (0.4840380549430847, 0.49456799030303955, 0.4828460216522217) (1.0, 1.0, 1.0)
9 (0.6967699527740479, 0.6932843923568726, 0.6916910409927368) (0.4932979345321655, 0.4967080056667328, 0.4830540120601654) (1.0, 1.0, 1.0)
10 (0.6922419667243958, 0.6946721076965332, 0.6940229535102844) (0.48181605339050293, 0.4979840815067291, 0.4893820583820343) (1.0, 1.0, 1.0)
11 (0.6934411525726318, 0.693116307258606, 0.6919370293617249) (0.49637600779533386, 0.49456992745399475, 0.4844820499420166) (1.0, 1.0, 1.0)
12 (0.6925726532936096, 0.6931899785995483, 0.6921719312667847) (0.4902721047401428, 0.49380600452423096, 0.48465603590011597) (1.0, 1.0, 1.0)
13 (0.6938499212265015, 0.6934388875961304, 0.6921032071113586) (0.4922560453414917, 0.4951780438423157, 0.48588401079177856) (1.0, 1.0, 1.0)
14 (0.6920464038848877, 0.6933119297027588, 0.6924874186515808) (0.48509398102760315, 0.4959600865840912, 0.4889460802078247) (1.0, 1.0, 1.0)
15 (0.6924887895584106, 0.693905234336853, 0.6928201913833618) (0.48640403151512146, 0.49678802490234375, 0.4891340732574463) (1.0, 1.0, 1.0)
16 (0.6924023628234863, 0.693839430809021, 0.6925872564315796) (0.48856598138809204, 0.4980179965496063, 0.4915600121021271) (1.0, 1.0, 1.0)
17 (0.6916735172271729, 0.6932165622711182, 0.6920068860054016) (0.4861680269241333, 0.4963999092578888, 0.48524588346481323) (1.0, 1.0, 1.0)
18 (0.6904561519622803, 0.693345308303833, 0.6918103694915771) (0.4743361175060272, 0.4954361021518707, 0.4823920428752899) (1.0, 1.0, 1.0)
19 (0.6918137073516846, 0.6932465434074402, 0.692271888256073) (0.4834800064563751, 0.49583399295806885, 0.48636195063591003) (1.0, 1.0, 1.0)
20 (0.6927120089530945, 0.6935262084007263, 0.6923848986625671) (0.4859400987625122, 0.49375805258750916, 0.48529812693595886) (1.0, 1.0, 1.0)
