1 (0.6937496662139893, 0.6937503218650818, 0.6937419772148132) (0.49968573451042175, 0.5006484985351562, 0.5002286434173584) (1.0, 1.0, 1.0)
2 (0.6931874752044678, 0.693213939666748, 0.6932084560394287) (0.500908613204956, 0.5010143518447876, 0.5009285807609558) (1.0, 1.0, 1.0)
3 (0.6875547170639038, 0.693105936050415, 0.6887372732162476) (0.46245715022087097, 0.4905257821083069, 0.46859145164489746) (1.0, 1.0, 1.0)
4 (0.6899951696395874, 0.6930699348449707, 0.6861898899078369) (0.47068294882774353, 0.4879114627838135, 0.461708664894104) (1.0, 1.0, 1.0)
5 (0.6887459754943848, 0.6928067207336426, 0.6861612796783447) (0.46819427609443665, 0.48794570565223694, 0.45911434292793274) (1.0, 1.0, 1.0)
6 (0.6911811232566833, 0.6932851672172546, 0.6866257190704346) (0.4798828065395355, 0.4883800446987152, 0.46235427260398865) (1.0, 1.0, 1.0)
7 (0.6883418560028076, 0.6928007006645203, 0.6860321164131165) (0.46750569343566895, 0.48507434129714966, 0.4575715661048889) (1.0, 1.0, 1.0)
8 (0.6907490491867065, 0.6933940649032593, 0.6877237558364868) (0.476868599653244, 0.4908199608325958, 0.46962863206863403) (1.0, 1.0, 1.0)
9 (0.6899755001068115, 0.6939459443092346, 0.6861990094184875) (0.4721599817276001, 0.4892371892929077, 0.46232008934020996) (1.0, 1.0, 1.0)
10 (0.6921722292900085, 0.6928892731666565, 0.6862560510635376) (0.47793710231781006, 0.48775988817214966, 0.4616200923919678) (1.0, 1.0, 1.0)
11 (0.6908637285232544, 0.6931114196777344, 0.6865800619125366) (0.47614285349845886, 0.48627716302871704, 0.46017986536026) (1.0, 1.0, 1.0)
12 (0.6899077892303467, 0.6927090287208557, 0.6863825917243958) (0.4729714095592499, 0.4872085154056549, 0.4619429409503937) (1.0, 1.0, 1.0)
13 (0.6898320913314819, 0.6930115222930908, 0.6859135627746582) (0.4732171595096588, 0.48680001497268677, 0.4592228829860687) (1.0, 1.0, 1.0)
14 (0.6888749599456787, 0.6930544376373291, 0.6863239407539368) (0.47122564911842346, 0.4883515238761902, 0.45846298336982727) (1.0, 1.0, 1.0)
15 (0.6902452707290649, 0.6934629678726196, 0.6857264041900635) (0.47487151622772217, 0.489328533411026, 0.46160003542900085) (1.0, 1.0, 1.0)
16 (0.6900261044502258, 0.6931976079940796, 0.6860895752906799) (0.4739057421684265, 0.486831396818161, 0.4606741964817047) (1.0, 1.0, 1.0)
17 (0.6889864206314087, 0.6938582062721252, 0.6867175102233887) (0.4694400131702423, 0.48924577236175537, 0.46196281909942627) (1.0, 1.0, 1.0)
18 (0.6899034976959229, 0.6933108568191528, 0.6857123374938965) (0.4741972088813782, 0.4878256618976593, 0.459600031375885) (1.0, 1.0, 1.0)
19 (0.6906578540802002, 0.6934436559677124, 0.6856890916824341) (0.47597718238830566, 0.48845425248146057, 0.4608742594718933) (1.0, 1.0, 1.0)
20 (0.6907569169998169, 0.6933424472808838, 0.6858011484146118) (0.477059930562973, 0.48893436789512634, 0.4613485634326935) (1.0, 1.0, 1.0)
