1 (0.692289412021637, 0.6930434703826904, 0.6924425363540649) (0.48761996626853943, 0.49638283252716064, 0.4848528206348419) (1.0, 1.0, 1.0)
2 (0.6924040913581848, 0.692980170249939, 0.6902759075164795) (0.4881942868232727, 0.49375006556510925, 0.4726199805736542) (1.0, 1.0, 1.0)
3 (0.6945111751556396, 0.693254828453064, 0.689556896686554) (0.4921199679374695, 0.49443289637565613, 0.47324138879776) (1.0, 1.0, 1.0)
4 (0.69282066822052, 0.693321943283081, 0.6895376443862915) (0.4903443455696106, 0.4937528371810913, 0.47335565090179443) (1.0, 1.0, 1.0)
5 (0.6932591199874878, 0.6932598352432251, 0.693260133266449) (0.49930718541145325, 0.4993114173412323, 0.49930423498153687) (1.0, 1.0, 1.0)
6 (0.6932414770126343, 0.6932421326637268, 0.6932420134544373) (0.49931153655052185, 0.4992857277393341, 0.4993028938770294) (1.0, 1.0, 1.0)
7 (0.6934159994125366, 0.6934120655059814, 0.6934119462966919) (0.49969711899757385, 0.4996885359287262, 0.49969711899757385) (1.0, 1.0, 1.0)
8 (0.6933160424232483, 0.6933136582374573, 0.6933134198188782) (0.5008314251899719, 0.5008457899093628, 0.5008314251899719) (1.0, 1.0, 1.0)
9 (0.6932412981987, 0.6932420134544373, 0.6932419538497925) (0.49994146823883057, 0.4998713731765747, 0.4999043345451355) (1.0, 1.0, 1.0)
10 (0.6931906938552856, 0.6931898593902588, 0.6931899189949036) (0.4996914565563202, 0.49964553117752075, 0.499632865190506) (1.0, 1.0, 1.0)
11 (0.6932152509689331, 0.6932144165039062, 0.6932145953178406) (0.5000399947166443, 0.5000156760215759, 0.5000399947166443) (1.0, 1.0, 1.0)
12 (0.6936347484588623, 0.6936347484588623, 0.6936347484588623) (0.49952563643455505, 0.49952563643455505, 0.49952563643455505) (1.0, 1.0, 1.0)
13 (0.6934963464736938, 0.6934963464736938, 0.6934963464736938) (0.4993942379951477, 0.4993942379951477, 0.4993942379951477) (1.0, 1.0, 1.0)
14 (0.6932740807533264, 0.6932740211486816, 0.6932740807533264) (0.5000042915344238, 0.5000042915344238, 0.5000042915344238) (1.0, 1.0, 1.0)
15 (0.6938846111297607, 0.6938846707344055, 0.6938846707344055) (0.4997157156467438, 0.4997157156467438, 0.4997157156467438) (1.0, 1.0, 1.0)
16 (0.6932136416435242, 0.6932136416435242, 0.6932136416435242) (0.4990701675415039, 0.4990701675415039, 0.4990701675415039) (1.0, 1.0, 1.0)
17 (0.693215012550354, 0.693215012550354, 0.693215012550354) (0.4994114339351654, 0.4994114339351654, 0.4994114339351654) (1.0, 1.0, 1.0)
18 (0.6933305263519287, 0.6933305263519287, 0.6933305263519287) (0.5003941655158997, 0.5003941655158997, 0.5003941655158997) (1.0, 1.0, 1.0)
19 (0.6932642459869385, 0.6932643055915833, 0.6932643055915833) (0.49850994348526, 0.49850994348526, 0.49850994348526) (1.0, 1.0, 1.0)
20 (0.6933384537696838, 0.6933384537696838, 0.6933384537696838) (0.500542938709259, 0.500542938709259, 0.500542938709259) (1.0, 1.0, 1.0)
