1 (0.6353222727775574, 0.6374657154083252, 0.6318991780281067) (0.3755749762058258, 0.3768870532512665, 0.37148502469062805) (1.0, 1.0, 1.0)
2 (0.6228457689285278, 0.6249143481254578, 0.6180720329284668) (0.37332141399383545, 0.37465858459472656, 0.36990129947662354) (1.0, 1.0, 1.0)
3 (0.6334500908851624, 0.6388506293296814, 0.6304253935813904) (0.3988978862762451, 0.4027736186981201, 0.3967899680137634) (1.0, 1.0, 1.0)
4 (0.6104294061660767, 0.613319993019104, 0.6049122214317322) (0.39278069138526917, 0.39368221163749695, 0.3881407082080841) (1.0, 1.0, 1.0)
5 (0.5883145332336426, 0.5909618735313416, 0.5777040123939514) (0.3822728395462036, 0.3838872015476227, 0.3730629086494446) (1.0, 1.0, 1.0)
6 (0.5716915726661682, 0.5749058723449707, 0.5565333366394043) (0.37302789092063904, 0.37611716985702515, 0.361844927072525) (1.0, 1.0, 1.0)
7 (0.5679875612258911, 0.5705395936965942, 0.5521770715713501) (0.3760913610458374, 0.3783286213874817, 0.36493343114852905) (1.0, 1.0, 1.0)
8 (0.5678913593292236, 0.5722009539604187, 0.5529778599739075) (0.3769686222076416, 0.37985214591026306, 0.36731502413749695) (1.0, 1.0, 1.0)
9 (0.5671806931495667, 0.5693435072898865, 0.5512994527816772) (0.376547247171402, 0.37840989232063293, 0.36626285314559937) (1.0, 1.0, 1.0)
10 (0.5674138069152832, 0.5699302554130554, 0.5521250367164612) (0.376631498336792, 0.37875786423683167, 0.3669707179069519) (1.0, 1.0, 1.0)
11 (0.569067656993866, 0.5708224177360535, 0.5528998374938965) (0.3770206868648529, 0.3789600133895874, 0.36777493357658386) (1.0, 1.0, 1.0)
12 (0.5703527927398682, 0.572169303894043, 0.5535373091697693) (0.3780520558357239, 0.3796670436859131, 0.3677856922149658) (1.0, 1.0, 1.0)
13 (0.5675310492515564, 0.5695052146911621, 0.5515199899673462) (0.3768528997898102, 0.3781057298183441, 0.3670928180217743) (1.0, 1.0, 1.0)
14 (0.5678209662437439, 0.5688654780387878, 0.5525081157684326) (0.3784886300563812, 0.378783643245697, 0.3677929639816284) (1.0, 1.0, 1.0)
15 (0.5678966045379639, 0.5704864263534546, 0.5519995093345642) (0.37675848603248596, 0.37918421626091003, 0.3669393062591553) (1.0, 1.0, 1.0)
16 (0.5661824941635132, 0.5673746466636658, 0.5507693290710449) (0.3763028681278229, 0.3782314360141754, 0.36659717559814453) (1.0, 1.0, 1.0)
17 (0.5700486898422241, 0.5716440677642822, 0.5550683736801147) (0.3787900507450104, 0.3799457252025604, 0.36884284019470215) (1.0, 1.0, 1.0)
18 (0.5677945613861084, 0.5698961615562439, 0.5518033504486084) (0.3764629065990448, 0.37831220030784607, 0.36706066131591797) (1.0, 1.0, 1.0)
19 (0.5670965313911438, 0.5695573687553406, 0.551950216293335) (0.37582215666770935, 0.37888434529304504, 0.3673149347305298) (1.0, 1.0, 1.0)
20 (0.5670720934867859, 0.5690141916275024, 0.5512790083885193) (0.37700924277305603, 0.37839916348457336, 0.36663782596588135) (1.0, 1.0, 1.0)
21 (0.5688003897666931, 0.5711491107940674, 0.5522502660751343) (0.3769001066684723, 0.3788321614265442, 0.367072194814682) (1.0, 1.0, 1.0)
22 (0.5660680532455444, 0.5674019455909729, 0.5507212281227112) (0.37626707553863525, 0.37799713015556335, 0.36736994981765747) (1.0, 1.0, 1.0)
23 (0.56600421667099, 0.5677676796913147, 0.5505472421646118) (0.3761228322982788, 0.37830716371536255, 0.36586079001426697) (1.0, 1.0, 1.0)
24 (0.5664882063865662, 0.5679424405097961, 0.5510291457176208) (0.37679922580718994, 0.37781429290771484, 0.3665164113044739) (1.0, 1.0, 1.0)
25 (0.5692815780639648, 0.5715537667274475, 0.5548292398452759) (0.3786178529262543, 0.38077494502067566, 0.3690750002861023) (1.0, 1.0, 1.0)
26 (0.5672455430030823, 0.5698242783546448, 0.5522404909133911) (0.37679436802864075, 0.37982073426246643, 0.3675800561904907) (1.0, 1.0, 1.0)
27 (0.5823690891265869, 0.5845395922660828, 0.5684312582015991) (0.3819928467273712, 0.38365069031715393, 0.3721621036529541) (1.0, 1.0, 1.0)
28 (0.5670081973075867, 0.5688070058822632, 0.5512381196022034) (0.37653210759162903, 0.37826859951019287, 0.3673535883426666) (1.0, 1.0, 1.0)
29 (0.5668236613273621, 0.5687119960784912, 0.5508747100830078) (0.3764321804046631, 0.378150075674057, 0.3665771186351776) (1.0, 1.0, 1.0)
30 (0.5674715638160706, 0.5702859163284302, 0.5523921251296997) (0.3773971498012543, 0.37948864698410034, 0.36775147914886475) (1.0, 1.0, 1.0)
31 (0.5694134831428528, 0.5704991817474365, 0.5531495809555054) (0.3781207799911499, 0.37939849495887756, 0.3679157495498657) (1.0, 1.0, 1.0)
32 (0.5686854720115662, 0.5703838467597961, 0.5539886951446533) (0.37891292572021484, 0.37998291850090027, 0.3690356910228729) (1.0, 1.0, 1.0)
33 (0.568783700466156, 0.5695096850395203, 0.5530068278312683) (0.3780050575733185, 0.37892571091651917, 0.368172824382782) (1.0, 1.0, 1.0)
34 (0.5689335465431213, 0.5715624094009399, 0.5532386302947998) (0.37702998518943787, 0.37820857763290405, 0.36783427000045776) (1.0, 1.0, 1.0)
35 (0.5696519613265991, 0.5733111500740051, 0.5536303520202637) (0.3773978352546692, 0.38081711530685425, 0.36810290813446045) (1.0, 1.0, 1.0)
36 (0.5689594745635986, 0.5711436867713928, 0.5529177784919739) (0.3779942989349365, 0.3790436089038849, 0.36814793944358826) (1.0, 1.0, 1.0)
37 (0.5676047801971436, 0.5684478282928467, 0.5520105957984924) (0.3767750859260559, 0.3782028555870056, 0.367069274187088) (1.0, 1.0, 1.0)
38 (0.5663543939590454, 0.569592297077179, 0.5511478185653687) (0.37669438123703003, 0.37897560000419617, 0.36741355061531067) (1.0, 1.0, 1.0)
39 (0.5666716694831848, 0.5685449838638306, 0.5513346791267395) (0.3757834732532501, 0.3783142864704132, 0.36691778898239136) (1.0, 1.0, 1.0)
40 (0.5688663125038147, 0.5742761492729187, 0.5530035495758057) (0.37777209281921387, 0.38124576210975647, 0.3684157431125641) (1.0, 1.0, 1.0)
41 (0.5676021575927734, 0.5701452493667603, 0.5520129203796387) (0.3769007921218872, 0.3789600133895874, 0.36730292439460754) (1.0, 1.0, 1.0)
42 (0.5707715153694153, 0.5735995769500732, 0.555109977722168) (0.3780685067176819, 0.38052135705947876, 0.3674085736274719) (1.0, 1.0, 1.0)
43 (0.5670527815818787, 0.5696771144866943, 0.5517250895500183) (0.37677860260009766, 0.3784521222114563, 0.36718064546585083) (1.0, 1.0, 1.0)
44 (0.5670897960662842, 0.5684741735458374, 0.552398145198822) (0.376786470413208, 0.3779785931110382, 0.3672977685928345) (1.0, 1.0, 1.0)
45 (0.5669306516647339, 0.5685024261474609, 0.5503800511360168) (0.3768543004989624, 0.37724849581718445, 0.36686792969703674) (1.0, 1.0, 1.0)
46 (0.567158043384552, 0.5685478448867798, 0.5512166619300842) (0.376291424036026, 0.37824150919914246, 0.366382896900177) (1.0, 1.0, 1.0)
47 (0.5669355988502502, 0.5687277317047119, 0.5515984892845154) (0.37589940428733826, 0.3778657019138336, 0.367228627204895) (1.0, 1.0, 1.0)
48 (0.5670908689498901, 0.5705508589744568, 0.5512070059776306) (0.37717708945274353, 0.3788757622241974, 0.36834508180618286) (1.0, 1.0, 1.0)
49 (0.5676482319831848, 0.5691655874252319, 0.5516793727874756) (0.37681782245635986, 0.37857791781425476, 0.36688917875289917) (1.0, 1.0, 1.0)
50 (0.5675666928291321, 0.5707100033760071, 0.5515444278717041) (0.37695854902267456, 0.37842419743537903, 0.3662392795085907) (1.0, 1.0, 1.0)
