1 (0.6935311555862427, 0.6938267946243286, 0.693708062171936) (0.4984714388847351, 0.4992856979370117, 0.4993285536766052) (1.0, 1.0, 1.0)
2 (0.6919476985931396, 0.6933576464653015, 0.6927018165588379) (0.4759142994880676, 0.4944000244140625, 0.48354285955429077) (1.0, 1.0, 1.0)
3 (0.6896109580993652, 0.6926293969154358, 0.6887885332107544) (0.46901431679725647, 0.48627138137817383, 0.46478575468063354) (1.0, 1.0, 1.0)
4 (0.6888852119445801, 0.6922479867935181, 0.6890826225280762) (0.4653142988681793, 0.4829571843147278, 0.4559428095817566) (1.0, 1.0, 1.0)
5 (0.6907228231430054, 0.6923230290412903, 0.6880078315734863) (0.47604283690452576, 0.4823857247829437, 0.45871424674987793) (1.0, 1.0, 1.0)
6 (0.690160870552063, 0.6925889253616333, 0.6874579787254333) (0.4716857373714447, 0.48587146401405334, 0.45578569173812866) (1.0, 1.0, 1.0)
7 (0.6901599168777466, 0.6923805475234985, 0.6884444355964661) (0.47362858057022095, 0.48337140679359436, 0.4559714198112488) (1.0, 1.0, 1.0)
8 (0.6894035339355469, 0.6923949122428894, 0.6872619390487671) (0.4741000235080719, 0.4859713912010193, 0.45509999990463257) (1.0, 1.0, 1.0)
9 (0.690679669380188, 0.6924155950546265, 0.6870070695877075) (0.4740571081638336, 0.48098573088645935, 0.4523142874240875) (1.0, 1.0, 1.0)
10 (0.6931244730949402, 0.6926537156105042, 0.6879494786262512) (0.4802857041358948, 0.4807285666465759, 0.4593571126461029) (1.0, 1.0, 1.0)
