1 (0.678888738155365, 0.6859565377235413, 0.6818227767944336) (0.4420599937438965, 0.45774000883102417, 0.44958001375198364) (1.0, 1.0, 1.0)
2 (0.6308080554008484, 0.648121178150177, 0.6370330452919006) (0.3790600001811981, 0.3957599997520447, 0.3838599920272827) (1.0, 1.0, 1.0)
3 (0.5707153677940369, 0.5966620445251465, 0.581694483757019) (0.3552300035953522, 0.37143003940582275, 0.36090001463890076) (1.0, 1.0, 1.0)
4 (0.5443900227546692, 0.5767865180969238, 0.5603045225143433) (0.34602001309394836, 0.3638399839401245, 0.3566000163555145) (1.0, 1.0, 1.0)
5 (0.5421398878097534, 0.5719106793403625, 0.5575476288795471) (0.3525000214576721, 0.36799997091293335, 0.35940998792648315) (1.0, 1.0, 1.0)
6 (0.5329123735427856, 0.5626683831214905, 0.5480943918228149) (0.35753998160362244, 0.3743100166320801, 0.3651500344276428) (1.0, 1.0, 1.0)
7 (0.5313913226127625, 0.5625385046005249, 0.5455518364906311) (0.3614400029182434, 0.3781999945640564, 0.3681600093841553) (1.0, 1.0, 1.0)
8 (0.5238702297210693, 0.5608340501785278, 0.5420343279838562) (0.34880000352859497, 0.36994996666908264, 0.3583900034427643) (1.0, 1.0, 1.0)
9 (0.5124220848083496, 0.5500860810279846, 0.5321545600891113) (0.3307200074195862, 0.35484999418258667, 0.34178000688552856) (1.0, 1.0, 1.0)
10 (0.5177639722824097, 0.5581156611442566, 0.5365179181098938) (0.3364100158214569, 0.36066997051239014, 0.348690003156662) (1.0, 1.0, 1.0)
