1 (0.5221378803253174, 0.5620872378349304, 0.5455446839332581) (0.3365733325481415, 0.35795333981513977, 0.35021334886550903) (1.0, 1.0, 1.0)
2 (0.5193904638290405, 0.5560094714164734, 0.54252690076828) (0.35266000032424927, 0.3706933259963989, 0.3636133372783661) (1.0, 1.0, 1.0)
3 (0.5115239024162292, 0.5522745847702026, 0.53858482837677) (0.3507400155067444, 0.36869996786117554, 0.36238667368888855) (1.0, 1.0, 1.0)
4 (0.5149433016777039, 0.5637837648391724, 0.5444630980491638) (0.35342663526535034, 0.37448665499687195, 0.3664066791534424) (1.0, 1.0, 1.0)
5 (46.12720489501953, 46.12443161010742, 46.12682342529297) (0.4917866587638855, 0.4930799901485443, 0.49294668436050415) (1.0, 1.0, 1.0)
6 (46.04509353637695, 46.04896926879883, 46.04804611206055) (0.4955800175666809, 0.49698004126548767, 0.496126651763916) (1.0, 1.0, 1.0)
7 (45.74250030517578, 45.74304962158203, 45.74280548095703) (0.5004599690437317, 0.5003600120544434, 0.5000066757202148) (1.0, 1.0, 1.0)
8 (45.676673889160156, 45.675880432128906, 45.67735290527344) (0.4979466497898102, 0.49856001138687134, 0.49829334020614624) (1.0, 1.0, 1.0)
9 (45.82026672363281, 45.820716857910156, 45.82068634033203) (0.4986799657344818, 0.49897998571395874, 0.4988333284854889) (1.0, 1.0, 1.0)
10 (46.023231506347656, 46.0244255065918, 46.02184295654297) (0.49838000535964966, 0.4994533658027649, 0.499126672744751) (1.0, 1.0, 1.0)
