1 (0.6934229135513306, 0.6936379075050354, 0.693573534488678) (0.49535999999999997, 0.49535999999999997, 0.49535999999999997) (1.0, 1.0, 1.0)
2 (0.6931632161140442, 0.6933282613754272, 0.693245530128479) (0.50064, 0.50064, 0.50064) (1.0, 1.0, 1.0)
3 (0.6930964589118958, 0.6931380033493042, 0.6931243538856506) (0.5021199999999999, 0.5021199999999999, 0.5021199999999999) (1.0, 1.0, 1.0)
4 (0.6949440240859985, 0.6949723958969116, 0.6949520707130432) (0.50212, 0.50212, 0.50212) (1.0, 1.0, 1.0)
5 (0.6971436738967896, 0.6976349353790283, 0.6975730657577515) (0.50102, 0.50102, 0.50102) (1.0, 1.0, 1.0)
6 (0.6934611797332764, 0.6934559345245361, 0.6934557557106018) (0.50236, 0.50236, 0.50236) (1.0, 1.0, 1.0)
7 (0.6931646466255188, 0.6931673884391785, 0.6931661367416382) (0.49788, 0.49788, 0.49788) (1.0, 1.0, 1.0)
8 (0.693482518196106, 0.6934846043586731, 0.6934847235679626) (0.50158, 0.50158, 0.50158) (1.0, 1.0, 1.0)
9 (0.6932582855224609, 0.6932581663131714, 0.693257749080658) (0.50092, 0.50092, 0.50092) (1.0, 1.0, 1.0)
10 (0.6933924555778503, 0.6933935880661011, 0.6933934688568115) (0.49882, 0.49882, 0.49882) (1.0, 1.0, 1.0)
