1 (0.6391287446022034, 0.6477432250976562, 0.6409977078437805) (0.37702855467796326, 0.3885499835014343, 0.3789714276790619) (1.0, 1.0, 1.0)
2 (0.6342424154281616, 0.644169270992279, 0.6367425322532654) (0.3870857357978821, 0.3942785859107971, 0.3888143002986908) (1.0, 1.0, 1.0)
3 (0.6120977401733398, 0.6280020475387573, 0.6147300004959106) (0.3941071629524231, 0.40462857484817505, 0.3958500027656555) (1.0, 1.0, 1.0)
4 (0.6007977724075317, 0.6184589862823486, 0.6048852801322937) (0.39338570833206177, 0.41310715675354004, 0.39929285645484924) (1.0, 1.0, 1.0)
5 (0.598677933216095, 0.6167699694633484, 0.6031962633132935) (0.3951999545097351, 0.4122285842895508, 0.3994428515434265) (1.0, 1.0, 1.0)
6 (0.5990039110183716, 0.6174087524414062, 0.6039121150970459) (0.39615002274513245, 0.4160071313381195, 0.40145713090896606) (1.0, 1.0, 1.0)
7 (0.598057746887207, 0.6155769228935242, 0.6022685766220093) (0.4008999764919281, 0.4184928834438324, 0.40357857942581177) (1.0, 1.0, 1.0)
8 (0.5959810018539429, 0.6133624911308289, 0.5996565222740173) (0.39623573422431946, 0.4124285578727722, 0.39943569898605347) (1.0, 1.0, 1.0)
9 (0.5939499139785767, 0.6146984696388245, 0.5998378992080688) (0.390328586101532, 0.4106214642524719, 0.39409998059272766) (1.0, 1.0, 1.0)
10 (0.5938323140144348, 0.6149970293045044, 0.5984320640563965) (0.38669997453689575, 0.40729284286499023, 0.38873571157455444) (1.0, 1.0, 1.0)
