1 (0.6933725476264954, 0.693318784236908, 0.6933330297470093) (0.49921998381614685, 0.49908003211021423, 0.4987899661064148) (1.0, 1.0, 1.0)
2 (0.6931670904159546, 0.6931847333908081, 0.6931856870651245) (0.497810035943985, 0.4976300299167633, 0.4978399872779846) (1.0, 1.0, 1.0)
3 (0.6931977868080139, 0.6932265162467957, 0.6932232975959778) (0.49966001510620117, 0.5001099705696106, 0.49991002678871155) (1.0, 1.0, 1.0)
4 (0.6934382319450378, 0.6934850215911865, 0.6934779286384583) (0.5011900067329407, 0.5011800527572632, 0.5011999607086182) (1.0, 1.0, 1.0)
5 (0.6931189298629761, 0.693160891532898, 0.6931506991386414) (0.4992000162601471, 0.4996799826622009, 0.49915003776550293) (1.0, 1.0, 1.0)
6 (0.6934465169906616, 0.6934919357299805, 0.6934860348701477) (0.5017399191856384, 0.5017799139022827, 0.5016499757766724) (1.0, 1.0, 1.0)
7 (0.6929086446762085, 0.6931878924369812, 0.6931182742118835) (0.49574002623558044, 0.49838003516197205, 0.4990900158882141) (1.0, 1.0, 1.0)
8 (0.6925625205039978, 0.6930984854698181, 0.69302898645401) (0.4857200086116791, 0.4966999888420105, 0.4957500100135803) (1.0, 1.0, 1.0)
9 (0.6928245425224304, 0.6931902170181274, 0.6931717991828918) (0.4923200011253357, 0.4969300329685211, 0.4954899847507477) (1.0, 1.0, 1.0)
10 (0.6933239698410034, 0.6935219168663025, 0.6935153007507324) (0.4989200234413147, 0.4979400038719177, 0.498259961605072) (1.0, 1.0, 1.0)
