1 (0.693793535232544, 0.6939502358436584, 0.6939252614974976) (0.49845000000000006, 0.49845000000000006, 0.49845000000000006) (1.0, 1.0, 1.0)
2 (0.6932879686355591, 0.6933144330978394, 0.6933073997497559) (0.49986428571428576, 0.49986428571428576, 0.49986428571428576) (1.0, 1.0, 1.0)
3 (0.693261981010437, 0.6932791471481323, 0.6932739019393921) (0.5010928571428571, 0.5010928571428571, 0.5010928571428571) (1.0, 1.0, 1.0)
4 (0.693194568157196, 0.6932295560836792, 0.6932125687599182) (0.49930714285714284, 0.49930714285714284, 0.49930714285714284) (1.0, 1.0, 1.0)
5 (0.6932555437088013, 0.693300724029541, 0.693271279335022) (0.5008714285714284, 0.5008714285714284, 0.5008714285714284) (1.0, 1.0, 1.0)
6 (0.6930577158927917, 0.6931737065315247, 0.6931010484695435) (0.4995071428571428, 0.4995071428571428, 0.4995071428571428) (1.0, 1.0, 1.0)
7 (0.6928489804267883, 0.6931725740432739, 0.6929774284362793) (0.5004214285714286, 0.5004214285714286, 0.5004214285714286) (1.0, 1.0, 1.0)
8 (0.6931177377700806, 0.6932490468025208, 0.6931227445602417) (0.5002285714285714, 0.5002285714285714, 0.5002285714285714) (1.0, 1.0, 1.0)
9 (0.6926358938217163, 0.6932256817817688, 0.6929268836975098) (0.5000071428571429, 0.5000071428571429, 0.5000071428571429) (1.0, 1.0, 1.0)
10 (0.692891001701355, 0.693182110786438, 0.6930394768714905) (0.49850714285714276, 0.49850714285714276, 0.49850714285714276) (1.0, 1.0, 1.0)
