1 (0.626296877861023, 0.6416165828704834, 0.6322194337844849) (0.3764599859714508, 0.3902199864387512, 0.3831999897956848) (1.0, 1.0, 1.0)
2 (0.6110643744468689, 0.6243062019348145, 0.6154773831367493) (0.3616600036621094, 0.3717799782752991, 0.3655799925327301) (1.0, 1.0, 1.0)
3 (0.5858304500579834, 0.6104297041893005, 0.598011314868927) (0.3721799850463867, 0.3897799849510193, 0.37911999225616455) (1.0, 1.0, 1.0)
4 (0.5779990553855896, 0.6038119196891785, 0.5863615870475769) (0.38155999779701233, 0.4075399935245514, 0.39013999700546265) (1.0, 1.0, 1.0)
5 (0.5728740692138672, 0.5984324216842651, 0.5837085843086243) (0.3876599967479706, 0.40794000029563904, 0.39406001567840576) (1.0, 1.0, 1.0)
6 (0.575125515460968, 0.5967986583709717, 0.5830091834068298) (0.39423996210098267, 0.4074400067329407, 0.397379994392395) (1.0, 1.0, 1.0)
7 (0.5688838362693787, 0.5913071036338806, 0.578585147857666) (0.3990599811077118, 0.405239999294281, 0.4017200469970703) (1.0, 1.0, 1.0)
8 (0.5690497159957886, 0.5904470682144165, 0.5767359733581543) (0.39833998680114746, 0.4066200256347656, 0.40122002363204956) (1.0, 1.0, 1.0)
9 (0.5677424669265747, 0.5907037258148193, 0.5776177644729614) (0.397379994392395, 0.40897998213768005, 0.40021997690200806) (1.0, 1.0, 1.0)
10 (0.5680233240127563, 0.5905395150184631, 0.5768937468528748) (0.394599974155426, 0.40525999665260315, 0.3976200222969055) (1.0, 1.0, 1.0)
