1 (0.6932153105735779, 0.6932239532470703, 0.6932230591773987) (0.500480055809021, 0.501013457775116, 0.5005599856376648) (1.0, 1.0, 1.0)
2 (0.6936225891113281, 0.6936229467391968, 0.6936219930648804) (0.5006267428398132, 0.5006267428398132, 0.5006267428398132) (1.0, 1.0, 1.0)
3 (0.6932211518287659, 0.6932203769683838, 0.6932212710380554) (0.4985133409500122, 0.4985133409500122, 0.4985133409500122) (1.0, 1.0, 1.0)
4 (0.6933470368385315, 0.6933466196060181, 0.6933470368385315) (0.5024001002311707, 0.5024001002311707, 0.5024001002311707) (1.0, 1.0, 1.0)
5 (0.6933351159095764, 0.6933349370956421, 0.6933351755142212) (0.4998600482940674, 0.4998600482940674, 0.4998600482940674) (1.0, 1.0, 1.0)
6 (0.6931988596916199, 0.6931988596916199, 0.6931989192962646) (0.49917328357696533, 0.49917328357696533, 0.49917328357696533) (1.0, 1.0, 1.0)
7 (0.6937038898468018, 0.6937038898468018, 0.693703830242157) (0.5011466145515442, 0.5011466145515442, 0.5011466145515442) (1.0, 1.0, 1.0)
8 (0.6940562725067139, 0.6940561532974243, 0.6940562725067139) (0.49744004011154175, 0.49744004011154175, 0.49744004011154175) (1.0, 1.0, 1.0)
9 (0.6931993961334229, 0.6931993961334229, 0.6931993961334229) (0.498479962348938, 0.498479962348938, 0.498479962348938) (1.0, 1.0, 1.0)
10 (0.6934275031089783, 0.6934276819229126, 0.693427562713623) (0.5010733008384705, 0.5010733008384705, 0.5010733008384705) (1.0, 1.0, 1.0)
11 (0.6938052177429199, 0.6938051581382751, 0.6938052177429199) (0.49914664030075073, 0.49914664030075073, 0.49914664030075073) (1.0, 1.0, 1.0)
12 (0.6931700110435486, 0.6931700110435486, 0.6931700706481934) (0.5001866817474365, 0.5001866817474365, 0.5001866817474365) (1.0, 1.0, 1.0)
13 (0.6931934952735901, 0.6931934952735901, 0.6931934952735901) (0.5013133883476257, 0.5013133883476257, 0.5013133883476257) (1.0, 1.0, 1.0)
14 (0.6934523582458496, 0.6934523582458496, 0.6934523582458496) (0.498953253030777, 0.498953253030777, 0.498953253030777) (1.0, 1.0, 1.0)
15 (0.6931575536727905, 0.6931575536727905, 0.6931576728820801) (0.498320072889328, 0.498320072889328, 0.498320072889328) (1.0, 1.0, 1.0)
16 (0.6936648488044739, 0.6936648488044739, 0.6936648488044739) (0.4992733895778656, 0.4992733895778656, 0.4992733895778656) (1.0, 1.0, 1.0)
17 (0.6934602856636047, 0.6934602856636047, 0.6934602856636047) (0.5004132986068726, 0.5004132986068726, 0.5004132986068726) (1.0, 1.0, 1.0)
18 (0.6932613849639893, 0.6932615041732788, 0.6932613849639893) (0.4978266656398773, 0.4978266656398773, 0.4978266656398773) (1.0, 1.0, 1.0)
19 (0.6939476728439331, 0.6939476728439331, 0.6939476728439331) (0.4989333748817444, 0.4989333748817444, 0.4989333748817444) (1.0, 1.0, 1.0)
20 (0.6932188272476196, 0.6932189464569092, 0.6932189464569092) (0.4996333420276642, 0.4996333420276642, 0.4996333420276642) (1.0, 1.0, 1.0)
