1 (0.6933891177177429, 0.6934106945991516, 0.693399965763092) (0.49964000000000003, 0.49964000000000003, 0.49964000000000003) (1.0, 1.0, 1.0)
2 (0.6931961178779602, 0.6932390332221985, 0.6932405233383179) (0.49774, 0.49774, 0.49774) (1.0, 1.0, 1.0)
3 (0.6930161714553833, 0.6931161284446716, 0.6930878758430481) (0.49788000000000004, 0.49788000000000004, 0.49788000000000004) (1.0, 1.0, 1.0)
4 (0.692915141582489, 0.6930919289588928, 0.693048357963562) (0.49748000000000003, 0.49748000000000003, 0.49748000000000003) (1.0, 1.0, 1.0)
5 (0.6925171613693237, 0.6932066679000854, 0.6929905414581299) (0.5069400000000001, 0.5069400000000001, 0.5069400000000001) (1.0, 1.0, 1.0)
6 (0.690997838973999, 0.6931620240211487, 0.69237220287323) (0.4968, 0.4968, 0.4968) (1.0, 1.0, 1.0)
7 (0.6916700601577759, 0.6931191682815552, 0.6928048133850098) (0.49892000000000003, 0.49892000000000003, 0.49892000000000003) (1.0, 1.0, 1.0)
8 (0.6896389722824097, 0.6929672956466675, 0.6921641230583191) (0.50244, 0.50244, 0.50244) (1.0, 1.0, 1.0)
9 (0.6912237405776978, 0.692883312702179, 0.6926213502883911) (0.49728000000000006, 0.49728000000000006, 0.49728000000000006) (1.0, 1.0, 1.0)
10 (0.6919447183609009, 0.6930360198020935, 0.6915582418441772) (0.5029, 0.5029, 0.5029) (1.0, 1.0, 1.0)
