1 (0.6009171009063721, 0.6189554929733276, 0.613122284412384) (0.3621000051498413, 0.38066667318344116, 0.3734833300113678) (1.0, 1.0, 1.0)
2 (0.5482136011123657, 0.5852266550064087, 0.5732258558273315) (0.341783344745636, 0.3599499762058258, 0.35385000705718994) (1.0, 1.0, 1.0)
3 (0.5275745987892151, 0.5707672238349915, 0.554934561252594) (0.3340666592121124, 0.35501664876937866, 0.347683310508728) (1.0, 1.0, 1.0)
4 (0.5141602754592896, 0.5551313161849976, 0.5362253189086914) (0.3422500193119049, 0.3587833344936371, 0.34903329610824585) (1.0, 1.0, 1.0)
5 (0.5119233131408691, 0.5504724979400635, 0.5354670286178589) (0.33869999647140503, 0.35571664571762085, 0.35053330659866333) (1.0, 1.0, 1.0)
6 (0.5098021626472473, 0.5470138192176819, 0.5349977016448975) (0.34743332862854004, 0.3609166741371155, 0.3586166799068451) (1.0, 1.0, 1.0)
7 (0.5030432343482971, 0.5502801537513733, 0.5336523056030273) (0.3433999717235565, 0.3629666864871979, 0.3604166805744171) (1.0, 1.0, 1.0)
8 (0.5050033926963806, 0.5472648739814758, 0.5310074090957642) (0.34681665897369385, 0.36684998869895935, 0.3614667057991028) (1.0, 1.0, 1.0)
9 (0.5025102496147156, 0.5458337068557739, 0.531159520149231) (0.3458166718482971, 0.36818334460258484, 0.36016666889190674) (1.0, 1.0, 1.0)
10 (0.5042669177055359, 0.5456415414810181, 0.5309622287750244) (0.34626665711402893, 0.3661166727542877, 0.3585333228111267) (1.0, 1.0, 1.0)
