1 (0.6275466680526733, 0.6421792507171631, 0.6310848593711853) (0.39061427116394043, 0.3998071551322937, 0.39206427335739136) (1.0, 1.0, 1.0)
2 (0.609983503818512, 0.6266258955001831, 0.6142499446868896) (0.39864999055862427, 0.4060285687446594, 0.4012928605079651) (1.0, 1.0, 1.0)
3 (0.585532009601593, 0.6103834509849548, 0.5929030776023865) (0.3683999478816986, 0.3960999846458435, 0.3779999613761902) (1.0, 1.0, 1.0)
4 (0.5814785957336426, 0.6050800085067749, 0.5896323919296265) (0.37103569507598877, 0.39802855253219604, 0.38044285774230957) (1.0, 1.0, 1.0)
5 (0.5709118247032166, 0.5978361368179321, 0.5798246264457703) (0.37097853422164917, 0.3970571458339691, 0.3804642856121063) (1.0, 1.0, 1.0)
6 (0.5518932342529297, 0.5885534286499023, 0.5633930563926697) (0.3697071075439453, 0.3905285894870758, 0.3755785822868347) (1.0, 1.0, 1.0)
7 (0.5532571077346802, 0.5934345126152039, 0.567103385925293) (0.37510713934898376, 0.3988500237464905, 0.38153570890426636) (1.0, 1.0, 1.0)
8 (0.5516908764839172, 0.5902590751647949, 0.5657767057418823) (0.3741714656352997, 0.39756426215171814, 0.3818286061286926) (1.0, 1.0, 1.0)
9 (0.5494816899299622, 0.5860341787338257, 0.563590943813324) (0.37862855195999146, 0.3979000151157379, 0.38584285974502563) (1.0, 1.0, 1.0)
10 (0.5463358759880066, 0.5819377303123474, 0.5596829056739807) (0.3755428194999695, 0.3948286175727844, 0.3834214210510254) (1.0, 1.0, 1.0)
