1 (0.6932501792907715, 0.6932482719421387, 0.6932470202445984) (0.5011159777641296, 0.5011039972305298, 0.5011000633239746) (1.0, 1.0, 1.0)
2 (0.6932213306427002, 0.6932180523872375, 0.6932185292243958) (0.49923598766326904, 0.49934399127960205, 0.4994599223136902) (1.0, 1.0, 1.0)
3 (0.6936877369880676, 0.6936678290367126, 0.6936690807342529) (0.4984758794307709, 0.4984758794307709, 0.4984758794307709) (1.0, 1.0, 1.0)
4 (0.6932573914527893, 0.6932574510574341, 0.6932575702667236) (0.5020480155944824, 0.5020440220832825, 0.5020440220832825) (1.0, 1.0, 1.0)
5 (0.6934621930122375, 0.6934623122215271, 0.6934621930122375) (0.4995920658111572, 0.4995920658111572, 0.4995920658111572) (1.0, 1.0, 1.0)
6 (0.6935958862304688, 0.693596601486206, 0.6935964226722717) (0.497840017080307, 0.497840017080307, 0.497840017080307) (1.0, 1.0, 1.0)
7 (0.6936141848564148, 0.6936130523681641, 0.6936132311820984) (0.5006720423698425, 0.5006720423698425, 0.5006720423698425) (1.0, 1.0, 1.0)
8 (0.693585216999054, 0.693585216999054, 0.6935849785804749) (0.5008999705314636, 0.5008999705314636, 0.5008999705314636) (1.0, 1.0, 1.0)
9 (0.6935281157493591, 0.6935280561447144, 0.6935281157493591) (0.4992799758911133, 0.4992799758911133, 0.4992799758911133) (1.0, 1.0, 1.0)
10 (0.6935978531837463, 0.6935978531837463, 0.6935977935791016) (0.5004079937934875, 0.5004079937934875, 0.5004079937934875) (1.0, 1.0, 1.0)
11 (0.6938881874084473, 0.6938881874084473, 0.6938881874084473) (0.49957600235939026, 0.49957600235939026, 0.49957600235939026) (1.0, 1.0, 1.0)
12 (0.6933526396751404, 0.6933526396751404, 0.6933526396751404) (0.500868022441864, 0.500868022441864, 0.500868022441864) (1.0, 1.0, 1.0)
13 (0.6932803988456726, 0.6932804584503174, 0.6932804584503174) (0.49891597032546997, 0.49891597032546997, 0.49891597032546997) (1.0, 1.0, 1.0)
14 (0.694206714630127, 0.6942067742347717, 0.6942067742347717) (0.5007440447807312, 0.5007440447807312, 0.5007440447807312) (1.0, 1.0, 1.0)
15 (0.6933308243751526, 0.6933307647705078, 0.6933307647705078) (0.5008919835090637, 0.5008919835090637, 0.5008919835090637) (1.0, 1.0, 1.0)
16 (0.6933333873748779, 0.6933333873748779, 0.6933333873748779) (0.499347984790802, 0.499347984790802, 0.499347984790802) (1.0, 1.0, 1.0)
17 (0.6933519244194031, 0.6933518052101135, 0.6933518052101135) (0.5008760094642639, 0.5008760094642639, 0.5008760094642639) (1.0, 1.0, 1.0)
18 (0.6937774419784546, 0.6937774419784546, 0.6937774419784546) (0.4996879994869232, 0.4996879994869232, 0.4996879994869232) (1.0, 1.0, 1.0)
19 (0.6934659481048584, 0.6934660077095032, 0.6934660077095032) (0.49872809648513794, 0.49872809648513794, 0.49872809648513794) (1.0, 1.0, 1.0)
20 (0.6935803294181824, 0.6935802698135376, 0.6935802698135376) (0.49923598766326904, 0.49923598766326904, 0.49923598766326904) (1.0, 1.0, 1.0)
