1 (0.6938656568527222, 0.6938816905021667, 0.6938930749893188) (0.5011714285714286, 0.5011714285714286, 0.5011714285714286) (1.0, 1.0, 1.0)
2 (0.6933084726333618, 0.69330894947052, 0.6933002471923828) (0.5007142857142858, 0.5007142857142858, 0.5007142857142858) (1.0, 1.0, 1.0)
3 (0.693240761756897, 0.6932950019836426, 0.6932739615440369) (0.4989285714285714, 0.4989285714285714, 0.4989285714285714) (1.0, 1.0, 1.0)
4 (0.693293035030365, 0.6933079957962036, 0.6932991147041321) (0.5041714285714286, 0.5041714285714286, 0.5041714285714286) (1.0, 1.0, 1.0)
5 (0.6931626200675964, 0.6931989192962646, 0.6931841969490051) (0.5000857142857144, 0.5000857142857144, 0.5000857142857144) (1.0, 1.0, 1.0)
6 (0.693004846572876, 0.6932417154312134, 0.6931766271591187) (0.5018428571428573, 0.5018428571428573, 0.5018428571428573) (1.0, 1.0, 1.0)
7 (0.6918586492538452, 0.6936174035072327, 0.6928800344467163) (0.49974285714285716, 0.49974285714285716, 0.49974285714285716) (1.0, 1.0, 1.0)
8 (0.6907292604446411, 0.693053126335144, 0.6926305890083313) (0.5003, 0.5003, 0.5003) (1.0, 1.0, 1.0)
9 (0.6882671117782593, 0.6933928728103638, 0.6912405490875244) (0.5010714285714286, 0.5010714285714286, 0.5010714285714286) (1.0, 1.0, 1.0)
10 (0.6901304125785828, 0.6934771537780762, 0.6909226179122925) (0.49912857142857153, 0.49912857142857153, 0.49912857142857153) (1.0, 1.0, 1.0)
