1 (0.6053484678268433, 0.6092396378517151, 0.5980393886566162) (0.37336796522140503, 0.3767000138759613, 0.3677610158920288) (1.0, 1.0, 1.0)
2 (0.5719465017318726, 0.5747179985046387, 0.5551483631134033) (0.35787203907966614, 0.3596371114253998, 0.3447190225124359) (1.0, 1.0, 1.0)
3 (0.5493329763412476, 0.5515173077583313, 0.5310915112495422) (0.34317994117736816, 0.34435704350471497, 0.3279029428958893) (1.0, 1.0, 1.0)
4 (0.609144926071167, 0.6257789731025696, 0.6032261848449707) (0.4037940204143524, 0.4071049392223358, 0.40285587310791016) (1.0, 1.0, 1.0)
5 (0.5617814064025879, 0.5648505091667175, 0.5583973526954651) (0.4025399088859558, 0.40341705083847046, 0.401712030172348) (1.0, 1.0, 1.0)
6 (0.5605060458183289, 0.56345134973526, 0.5574932098388672) (0.4020799398422241, 0.4031480550765991, 0.4007239043712616) (1.0, 1.0, 1.0)
7 (0.5605666041374207, 0.5634973049163818, 0.5576337575912476) (0.4025799632072449, 0.4030880033969879, 0.40084102749824524) (1.0, 1.0, 1.0)
8 (0.5603795647621155, 0.5634152889251709, 0.5573939681053162) (0.40166395902633667, 0.4038388729095459, 0.400877982378006) (1.0, 1.0, 1.0)
9 (0.5602153539657593, 0.5632977485656738, 0.5574180483818054) (0.40225696563720703, 0.40323299169540405, 0.4004269540309906) (1.0, 1.0, 1.0)
10 (0.5601732134819031, 0.5632758736610413, 0.5577040314674377) (0.40202003717422485, 0.40316495299339294, 0.4007139205932617) (1.0, 1.0, 1.0)
11 (0.5605790019035339, 0.5638474822044373, 0.5579428672790527) (0.4006669223308563, 0.40238502621650696, 0.40101197361946106) (1.0, 1.0, 1.0)
12 (0.5606570243835449, 0.5639350414276123, 0.5579915046691895) (0.4000389873981476, 0.4016059637069702, 0.4002719819545746) (1.0, 1.0, 1.0)
13 (0.5606098771095276, 0.5636321902275085, 0.5572545528411865) (0.3957730233669281, 0.39634305238723755, 0.39326396584510803) (1.0, 1.0, 1.0)
14 (0.5546882748603821, 0.5567449331283569, 0.5480155348777771) (0.37677401304244995, 0.37672993540763855, 0.3712009787559509) (1.0, 1.0, 1.0)
15 (0.5426269769668579, 0.5446354746818542, 0.5325912237167358) (0.35922396183013916, 0.36093902587890625, 0.35464900732040405) (1.0, 1.0, 1.0)
16 (0.5381584167480469, 0.5399153232574463, 0.5254152417182922) (0.34744301438331604, 0.34799203276634216, 0.3391980230808258) (1.0, 1.0, 1.0)
17 (0.5352176427841187, 0.536877453327179, 0.5196384787559509) (0.3370779752731323, 0.33718299865722656, 0.32646289467811584) (1.0, 1.0, 1.0)
18 (0.5307623744010925, 0.5310253500938416, 0.5132526159286499) (0.3317638635635376, 0.33154693245887756, 0.3210960030555725) (1.0, 1.0, 1.0)
19 (0.532833456993103, 0.534791886806488, 0.5162850022315979) (0.3348609507083893, 0.33601605892181396, 0.3282300531864166) (1.0, 1.0, 1.0)
20 (0.5278193950653076, 0.5293286442756653, 0.5095822215080261) (0.3273879587650299, 0.3285309970378876, 0.31881996989250183) (1.0, 1.0, 1.0)
21 (0.5278086066246033, 0.5284620523452759, 0.5101520419120789) (0.3285469114780426, 0.3294049799442291, 0.31873494386672974) (1.0, 1.0, 1.0)
22 (0.5301935076713562, 0.5311298966407776, 0.5122933983802795) (0.329355925321579, 0.33091700077056885, 0.31977492570877075) (1.0, 1.0, 1.0)
23 (0.5342552065849304, 0.5356625914573669, 0.5159919261932373) (0.33328598737716675, 0.3344949781894684, 0.3241890072822571) (1.0, 1.0, 1.0)
24 (0.5305416584014893, 0.5312383770942688, 0.5104350447654724) (0.32951194047927856, 0.3293299376964569, 0.31887897849082947) (1.0, 1.0, 1.0)
25 (0.5290606021881104, 0.5298620462417603, 0.5107272863388062) (0.3295859396457672, 0.3304559588432312, 0.3194290101528168) (1.0, 1.0, 1.0)
26 (0.5276749134063721, 0.5294453501701355, 0.5101471543312073) (0.3290889859199524, 0.32955002784729004, 0.31935298442840576) (1.0, 1.0, 1.0)
27 (0.528068482875824, 0.5281199812889099, 0.5086023807525635) (0.3284969627857208, 0.32763490080833435, 0.31777793169021606) (1.0, 1.0, 1.0)
28 (0.5273613929748535, 0.530513346195221, 0.5099257230758667) (0.32789498567581177, 0.33070600032806396, 0.3192780017852783) (1.0, 1.0, 1.0)
29 (0.5285901427268982, 0.5299599766731262, 0.5096544027328491) (0.32895293831825256, 0.32970890402793884, 0.318279892206192) (1.0, 1.0, 1.0)
30 (0.5339099168777466, 0.5346674919128418, 0.5165595412254333) (0.3333419859409332, 0.3338099718093872, 0.32288897037506104) (1.0, 1.0, 1.0)
31 (0.5289173126220703, 0.529395341873169, 0.5111962556838989) (0.3298349380493164, 0.3299999237060547, 0.3201659917831421) (1.0, 1.0, 1.0)
32 (0.5310412049293518, 0.5474168062210083, 0.5176840424537659) (0.32900699973106384, 0.3368449807167053, 0.32235604524612427) (1.0, 1.0, 1.0)
33 (0.5290080904960632, 0.5310733914375305, 0.5113375186920166) (0.32964596152305603, 0.330316960811615, 0.31919991970062256) (1.0, 1.0, 1.0)
34 (0.5303559303283691, 0.5321153402328491, 0.5123722553253174) (0.3308549225330353, 0.3314410150051117, 0.32187893986701965) (1.0, 1.0, 1.0)
35 (0.5320196151733398, 0.5368590354919434, 0.5132405161857605) (0.3310219943523407, 0.33118900656700134, 0.3199549615383148) (1.0, 1.0, 1.0)
36 (0.6061254739761353, 0.6234493851661682, 0.601606547832489) (0.40721094608306885, 0.41571497917175293, 0.40572401881217957) (1.0, 1.0, 1.0)
37 (0.5701435804367065, 0.5890767574310303, 0.5686867833137512) (0.4045269787311554, 0.4121560752391815, 0.4049050211906433) (1.0, 1.0, 1.0)
38 (0.566277801990509, 0.584325909614563, 0.5656121969223022) (0.40339893102645874, 0.41049206256866455, 0.40389198064804077) (1.0, 1.0, 1.0)
39 (0.5644088983535767, 0.5811540484428406, 0.5636356472969055) (0.40286701917648315, 0.4092380106449127, 0.40299296379089355) (1.0, 1.0, 1.0)
40 (0.5635822415351868, 0.57786625623703, 0.5628011226654053) (0.40288594365119934, 0.4077729284763336, 0.40231212973594666) (1.0, 1.0, 1.0)
41 (0.5634528398513794, 0.5768514275550842, 0.5624526739120483) (0.4025989770889282, 0.40766391158103943, 0.40214404463768005) (1.0, 1.0, 1.0)
42 (0.5622001886367798, 0.5742186903953552, 0.5611435174942017) (0.40298694372177124, 0.40752288699150085, 0.4014189839363098) (1.0, 1.0, 1.0)
43 (0.5620211362838745, 0.572936475276947, 0.5604599118232727) (0.4023539423942566, 0.40639689564704895, 0.40197694301605225) (1.0, 1.0, 1.0)
44 (0.5618653297424316, 0.5719970464706421, 0.560289740562439) (0.4024001359939575, 0.40557801723480225, 0.40208011865615845) (1.0, 1.0, 1.0)
45 (0.5609604716300964, 0.5695184469223022, 0.559012770652771) (0.4017740488052368, 0.4053288996219635, 0.4009999930858612) (1.0, 1.0, 1.0)
46 (0.5609049797058105, 0.5673319697380066, 0.5587282180786133) (0.4024140238761902, 0.40432795882225037, 0.4012470543384552) (1.0, 1.0, 1.0)
47 (0.5606846809387207, 0.5656550526618958, 0.558180570602417) (0.4020329415798187, 0.4038829505443573, 0.4013659358024597) (1.0, 1.0, 1.0)
48 (0.5607356429100037, 0.563941240310669, 0.5578972101211548) (0.40225204825401306, 0.4028559625148773, 0.4005720019340515) (1.0, 1.0, 1.0)
49 (0.5605122447013855, 0.5648592114448547, 0.5577037930488586) (0.40143898129463196, 0.4028400182723999, 0.4014970064163208) (1.0, 1.0, 1.0)
50 (0.5605143904685974, 0.5638480186462402, 0.5580121874809265) (0.4016699194908142, 0.4030509889125824, 0.40203800797462463) (1.0, 1.0, 1.0)
