1 (0.69318026304245, 0.6934033632278442, 0.6933386921882629) (0.5025, 0.5025, 0.5025) (1.0, 1.0, 1.0)
2 (0.6867948174476624, 0.6928104162216187, 0.6898688673973083) (0.49746666666666667, 0.49746666666666667, 0.49746666666666667) (1.0, 1.0, 1.0)
3 (0.6845302581787109, 0.6917677521705627, 0.6879786849021912) (0.4959666666666667, 0.4959666666666667, 0.4959666666666667) (1.0, 1.0, 1.0)
4 (0.6841707229614258, 0.6925116181373596, 0.6864232420921326) (0.5022, 0.5022, 0.5022) (1.0, 1.0, 1.0)
5 (0.6909781694412231, 0.6924974918365479, 0.6909748315811157) (0.49580000000000013, 0.49580000000000013, 0.49580000000000013) (1.0, 1.0, 1.0)
6 (0.6888890266418457, 0.6914738416671753, 0.6858112215995789) (0.4975333333333333, 0.4975333333333333, 0.4975333333333333) (1.0, 1.0, 1.0)
7 (0.6947270631790161, 0.6950653195381165, 0.6947740316390991) (0.5001333333333333, 0.5001333333333333, 0.5001333333333333) (1.0, 1.0, 1.0)
8 (0.693353533744812, 0.6933563947677612, 0.6933537125587463) (0.4991, 0.4991, 0.4991) (1.0, 1.0, 1.0)
9 (0.6932882070541382, 0.6932888031005859, 0.6932884454727173) (0.4964666666666667, 0.4964666666666667, 0.4964666666666667) (1.0, 1.0, 1.0)
10 (0.6932703256607056, 0.6932708024978638, 0.6932705044746399) (0.49716666666666665, 0.49716666666666665, 0.49716666666666665) (1.0, 1.0, 1.0)
