1 (0.5315418243408203, 0.57143634557724, 0.5550405383110046) (0.3177666664123535, 0.3397666811943054, 0.33000001311302185) (1.0, 1.0, 1.0)
2 (0.5055590867996216, 0.557011604309082, 0.5401331782341003) (0.3277333378791809, 0.3410666584968567, 0.3396666646003723) (1.0, 1.0, 1.0)
3 (0.5126994252204895, 0.5536124110221863, 0.5384659767150879) (0.33489999175071716, 0.3496333658695221, 0.34203335642814636) (1.0, 1.0, 1.0)
4 (0.4953976273536682, 0.5349482297897339, 0.5202441811561584) (0.3305666744709015, 0.33820003271102905, 0.3344999849796295) (1.0, 1.0, 1.0)
5 (0.49835720658302307, 0.5430887937545776, 0.526885986328125) (0.316433310508728, 0.3350333571434021, 0.3295000195503235) (1.0, 1.0, 1.0)
6 (0.4736432135105133, 0.5250312089920044, 0.5054175853729248) (0.2924667000770569, 0.32590001821517944, 0.31370002031326294) (1.0, 0.999, 1.0)
7 (0.43854838609695435, 0.5257592797279358, 0.4927416741847992) (0.2515000104904175, 0.2995000183582306, 0.2817666828632355) (1.0, 1.0, 1.0)
8 (0.4317706525325775, 0.4984142780303955, 0.477172315120697) (0.2497333288192749, 0.29643332958221436, 0.28183332085609436) (1.0, 1.0, 1.0)
9 (0.4207051396369934, 0.487668514251709, 0.4641452431678772) (0.251966655254364, 0.2962999939918518, 0.27869999408721924) (1.0, 1.0, 1.0)
10 (0.4060271382331848, 0.48866480588912964, 0.45562249422073364) (0.24096664786338806, 0.2888333201408386, 0.27113333344459534) (1.0, 1.0, 1.0)
